name,ngram,textfreq,corpfreq,diff,diffsum,length, ngram,etc
a mother's fears.txt,eal,0.00889383,0.00406614,0.00482769,0.00482769,3598,ond,0.00806003,0.00331933,0.0047407,0.00956839,3598,sum,0.00750417,0.00057288,0.00693129,0.01649969,3598,sce,0.00639244,0.00172256,0.00466988,0.02116957,3598,eor,0.00611451,0.00432457,0.00178994,0.02295951,3598,
a prayer.txt,and,0.00857143,0.00435306,0.00421836,0.00421836,2800,iht,0.0075,0.00216769,0.00533231,0.00955068,2800,ear,0.00642857,0.00363574,0.00279283,0.01234351,2800,eal,0.00571429,0.00406614,0.00164815,0.01399166,2800,hte,0.00535714,0.00219324,0.00316391,0.01715556,2800,
a proverb from winfrid's time.txt,oft,0.01515152,0.00032427,0.01482725,0.01482725,66,ftd,0.01515152,1.769e-05,0.01513383,0.02996107,66,tda,0.01515152,7.86e-06,0.01514365,0.04510473,66,dae,0.01515152,2.358e-05,0.01512793,0.06023266,66,aed,0.01515152,5.9e-06,0.01514562,0.07537828,66,
a summons to prayer.txt,ege,0.0060423,0.0032309,0.0028114,0.0028114,993,and,0.0060423,0.00435306,0.00168923,0.00450063,993,reg,0.00503525,0.00061218,0.00442307,0.0089237,993,nne,0.0040282,0.00276513,0.00126307,0.01018677,993,uir,0.0040282,1.081e-05,0.00401739,0.01420415,993,
aldhelm.txt,eal,0.00875657,0.00406614,0.00469043,0.00469043,571,nus,0.00700525,0.0001926,0.00681266,0.01150309,571,sce,0.00700525,0.00172256,0.0052827,0.01678579,571,iam,0.00700525,3.439e-05,0.00697086,0.02375665,571,ten,0.00700525,0.00146805,0.0055372,0.02929385,571,
alms-giving.txt,eor,0.00946372,0.00432457,0.00513915,0.00513915,317,eþe,0.00630915,0.00112806,0.00518109,0.01032024,317,þeh,0.00630915,0.00049132,0.00581783,0.01613807,317,him,0.00630915,0.00166851,0.00464064,0.02077871,317,nna,0.00630915,0.00079888,0.00551027,0.02628898,317,
an exhortation to christian living.txt,and,0.00938151,0.00435306,0.00502845,0.00502845,2878,eal,0.00625434,0.00406614,0.00218821,0.00721666,2878,þæt,0.00625434,0.00309922,0.00315512,0.01037178,2878,eþæ,0.00486449,0.00131575,0.00354874,0.01392052,2878,nes,0.0038221,0.00231705,0.00150505,0.01542557,2878,
andreas.txt,eor,0.00426914,0.00432457,5.543e-05,5.543e-05,60668,ond,0.00403837,0.00331933,0.00071904,0.00077447,60668,eon,0.00356036,0.00307662,0.00048374,0.00125821,60668,ege,0.00316477,0.0032309,6.613e-05,0.00132434,60668,ear,0.0031318,0.00363574,0.00050394,0.00182828,60668,
azarias.txt,ond,0.01039227,0.00331933,0.00707294,0.00707294,6832,eor,0.00468384,0.00432457,0.00035927,0.00743221,6832,end,0.00453747,0.00237404,0.00216343,0.00959564,6832,eon,0.00395199,0.00307662,0.00087537,0.01047101,6832,nde,0.00365925,0.00284177,0.00081748,0.01128848,6832,
bede's death song west saxon version.txt,orþ,0.01226994,0.00071339,0.01155655,0.01155655,163,rþe,0.01226994,0.00017884,0.0120911,0.02364765,163,ter,0.01226994,0.00083819,0.01143175,0.0350794,163,nne,0.01226994,0.00276513,0.00950481,0.04458421,163,ehi,0.01226994,0.00130592,0.01096402,0.05554823,163,
beowulf.txt,eal,0.00445104,0.00406614,0.0003849,0.0003849,111210,eor,0.00413632,0.00432457,0.00018825,0.00057315,111210,ond,0.00408237,0.00331933,0.00076303,0.00133618,111210,ear,0.00407337,0.00363574,0.00043763,0.00177382,111210,ege,0.00333603,0.0032309,0.00010513,0.00187895,111210,
caedmon's hymn west saxon version.txt,ear,0.01328904,0.00363574,0.00965329,0.00965329,301,ard,0.00996678,0.00101703,0.00894975,0.01860305,301,hte,0.00996678,0.00219324,0.00777354,0.02637659,301,iht,0.00996678,0.00216769,0.00779909,0.03417568,301,nhe,0.00664452,0.00098853,0.00565599,0.03983167,301,
christ a b c.txt,ond,0.006116,0.00331933,0.00279667,0.00279667,60170,eor,0.00442081,0.00432457,9.624e-05,0.00289291,60170,ear,0.0040718,0.00363574,0.00043605,0.00332897,60170,þæt,0.00363969,0.00309922,0.00054046,0.00386943,60170,eon,0.00352335,0.00307662,0.00044673,0.00431616,60170,
christ and satan.txt,and,0.00632718,0.00435306,0.00197412,0.00197412,26236,þæt,0.00430706,0.00309922,0.00120783,0.00318195,26236,iht,0.00346852,0.00216769,0.00130083,0.00448278,26236,hte,0.00346852,0.00219324,0.00127528,0.00575806,26236,ear,0.00308736,0.00363574,0.00054838,0.00630644,26236,
daniel.txt,and,0.00580299,0.00435306,0.00144992,0.00144992,27572,þæt,0.00438851,0.00309922,0.00128929,0.00273921,27572,ode,0.00391702,0.00226006,0.00165696,0.00439617,27572,ear,0.00355433,0.00363574,8.141e-05,0.00447758,27572,eor,0.00344552,0.00432457,0.00087904,0.00535663,27572,
deor.txt,þæt,0.00983146,0.00309922,0.00673224,0.00673224,1424,deþ,0.00702247,0.00080871,0.00621376,0.012946,1424,eod,0.00561798,0.00107598,0.00454199,0.017488,1424,swa,0.00561798,0.00151424,0.00410374,0.02159174,1424,eþæ,0.00561798,0.00131575,0.00430223,0.02589397,1424,
durham.txt,and,0.01040312,0.00435306,0.00605006,0.00605006,769,nge,0.00650195,0.00261479,0.00388716,0.00993722,769,wun,0.00520156,0.00064166,0.0045599,0.01449712,769,eor,0.00520156,0.00432457,0.00087699,0.01537412,769,dðe,0.00520156,3.537e-05,0.00516619,0.0205403,769,
elene.txt,ond,0.00498271,0.00331933,0.00166338,0.00166338,46561,ear,0.00384442,0.00363574,0.00020868,0.00187205,46561,eor,0.00332897,0.00432457,0.0009956,0.00286766,46561,eon,0.00330749,0.00307662,0.00023087,0.00309852,46561,nde,0.00289942,0.00284177,5.765e-05,0.00315617,46561,
exodus.txt,and,0.00401885,0.00435306,0.00033421,0.00033421,20155,eor,0.00387001,0.00432457,0.00045456,0.00078877,20155,eal,0.00302654,0.00406614,0.00103959,0.00182836,20155,ode,0.00302654,0.00226006,0.00076649,0.00259485,20155,ges,0.00302654,0.0024615,0.00056505,0.0031599,20155,
fragments of psalms psalm 101.txt,min,0.01796407,0.00111529,0.01684878,0.01684878,167,one,0.01197605,0.00114477,0.01083128,0.02768006,167,nge,0.01197605,0.00261479,0.00936126,0.03704133,167,ebe,0.01197605,0.00105928,0.01091677,0.0479581,167,geh,0.01197605,0.00138256,0.01059348,0.05855158,167,
fragments of psalms psalm 102.txt,qui,0.00831354,2.457e-05,0.00828897,0.00828897,842,eal,0.00712589,0.00406614,0.00305976,0.01134873,842,min,0.00593824,0.00111529,0.00482295,0.01617168,842,nes,0.00593824,0.00231705,0.00362119,0.01979288,842,emi,0.00593824,0.00095119,0.00498705,0.02477993,842,
fragments of psalms psalm 118.txt,and,0.00769231,0.00435306,0.00333924,0.00333924,390,for,0.00769231,0.00237109,0.00532121,0.00866046,390,atu,0.00512821,0.0001356,0.0049926,0.01365306,390,tua,0.00512821,3.832e-05,0.00508988,0.01874294,390,ele,0.00512821,0.00093154,0.00419667,0.02293961,390,
fragments of psalms psalm 121.txt,inu,0.02068966,0.00039895,0.02029071,0.02029071,145,num,0.0137931,0.00133933,0.01245377,0.03274448,145,sta,0.0137931,0.001075,0.0127181,0.04546258,145,tan,0.0137931,0.0018051,0.01198801,0.05745059,145,and,0.0137931,0.00435306,0.00944004,0.06689063,145,
fragments of psalms psalm 139.txt,eme,0.01538462,0.00108679,0.01429782,0.01429782,130,omi,0.01538462,0.00011497,0.01526965,0.02956747,130,min,0.01538462,0.00111529,0.01426933,0.0438368,130,ine,0.01538462,0.00140025,0.01398436,0.05782116,130,ram,0.01538462,0.00036161,0.01502301,0.07284417,130,
fragments of psalms psalm 140.txt,min,0.01675978,0.00111529,0.01564449,0.01564449,179,ine,0.01117318,0.00140025,0.00977293,0.02541742,179,inc,0.01117318,0.00037733,0.01079585,0.03621327,179,cen,0.01117318,0.00059744,0.01057574,0.04678902,179,reg,0.01117318,0.00061218,0.010561,0.05735002,179,
fragments of psalms psalm 19.txt,dri,0.01149425,0.00100523,0.01048902,0.01048902,174,rih,0.01149425,0.0010583,0.01043596,0.02092498,174,iht,0.01149425,0.00216769,0.00932656,0.03025154,174,hte,0.01149425,0.00219324,0.00930102,0.03955256,174,ten,0.01149425,0.00146805,0.0100262,0.04957876,174,
fragments of psalms psalm 24.txt,min,0.00854701,0.00111529,0.00743172,0.00743172,819,tua,0.00610501,3.832e-05,0.00606668,0.0134984,819,ine,0.00610501,0.00140025,0.00470475,0.01820316,819,emi,0.00610501,0.00095119,0.00515382,0.02335698,819,eme,0.00610501,0.00108679,0.00501821,0.02837519,819,
fragments of psalms psalm 27.txt,uum,0.00796813,1.572e-05,0.00795241,0.00795241,251,edi,0.00796813,0.00010711,0.00786102,0.01581343,251,eos,0.00796813,0.00041762,0.00755051,0.02336393,251,ete,0.00796813,0.00051097,0.00745716,0.03082109,251,num,0.00796813,0.00133933,0.0066288,0.03744989,251,
fragments of psalms psalm 32.txt,iat,0.01324503,1.277e-05,0.01323226,0.01323226,151,per,0.01324503,5.011e-05,0.01319492,0.02642718,151,ewe,0.01324503,0.0012843,0.01196073,0.03838791,151,iht,0.01324503,0.00216769,0.01107734,0.04946525,151,fia,0.00662252,8.352e-05,0.00653899,0.05600425,151,
fragments of psalms psalm 34.txt,ame,0.00773694,0.00057975,0.00715719,0.00715719,517,and,0.00773694,0.00435306,0.00338388,0.01054107,517,min,0.00580271,0.00111529,0.00468742,0.01522849,517,don,0.00580271,0.00183359,0.00396911,0.0191976,517,feo,0.00580271,0.00100916,0.00479354,0.02399115,517,
fragments of psalms psalm 40.txt,ene,0.01507538,0.00169701,0.01337837,0.01337837,199,min,0.01005025,0.00111529,0.00893496,0.02231333,199,ine,0.01005025,0.00140025,0.00865,0.03096333,199,emi,0.01005025,0.00095119,0.00909906,0.04006239,199,ere,0.01005025,0.0013865,0.00866376,0.04872615,199,
fragments of psalms psalm 43.txt,uma,0.01657459,0.00069472,0.01587986,0.01587986,181,ndu,0.01657459,0.00059548,0.01597911,0.03185897,181,edo,0.01104972,0.00053259,0.01051714,0.04237611,181,uan,0.01104972,9.138e-05,0.01095834,0.05333445,181,ano,0.01104972,0.00090795,0.01014177,0.06347622,181,
fragments of psalms psalm 5.txt,min,0.01098901,0.00111529,0.00987372,0.00987372,637,and,0.00784929,0.00435306,0.00349623,0.01336995,637,oni,0.00784929,0.00030953,0.00753976,0.02090972,637,ine,0.00627943,0.00140025,0.00487918,0.0257889,637,rih,0.00627943,0.0010583,0.00522114,0.03101004,637,
fragments of psalms psalm 50.txt,iht,0.00662252,0.00216769,0.00445483,0.00445483,906,nea,0.00662252,0.00118211,0.00544041,0.00989524,906,rih,0.00551876,0.0010583,0.00446047,0.01435571,906,min,0.00551876,0.00111529,0.00440348,0.01875918,906,eme,0.00441501,0.00108679,0.00332822,0.0220874,906,
fragments of psalms psalm 53.txt,etu,0.01265823,8.058e-05,0.01257765,0.01257765,158,mef,0.01265823,0.00020439,0.01245384,0.02503149,158,inu,0.01265823,0.00039895,0.01225928,0.03729077,158,ram,0.01265823,0.00036161,0.01229662,0.04958739,158,þin,0.01265823,0.00111627,0.01154196,0.06112935,158,
fragments of psalms psalm 58.txt,eme,0.01724138,0.00108679,0.01615459,0.01615459,406,ede,0.00738916,0.00094431,0.00644485,0.02259944,406,sme,0.00738916,0.00022502,0.00716414,0.02976358,406,ram,0.00738916,0.00036161,0.00702755,0.03679113,406,mef,0.00738916,0.00020439,0.00718477,0.04397591,406,
fragments of psalms psalm 60.txt,min,0.01036269,0.00111529,0.00924741,0.00924741,193,ode,0.01036269,0.00226006,0.00810264,0.01735004,193,sin,0.01036269,0.00050016,0.00986253,0.02721258,193,sec,0.01036269,0.00065345,0.00970924,0.03692182,193,ecu,0.01036269,0.00017393,0.01018877,0.04711059,193,
fragments of psalms psalm 64.txt,nos,0.01075269,9.237e-05,0.01066032,0.01066032,186,uta,0.01075269,0.00022109,0.0105316,0.02119192,186,ari,0.01075269,0.00021618,0.01053651,0.03172843,186,ter,0.01075269,0.00083819,0.0099145,0.04164293,186,niu,0.01075269,2.162e-05,0.01073107,0.052374,186,
fragments of psalms psalm 69.txt,ten,0.01685393,0.00146805,0.01538588,0.01538588,178,ina,0.01123596,0.0001415,0.01109446,0.02648033,178,adi,0.01123596,0.00017786,0.0110581,0.03753843,178,diu,0.01123596,1.965e-05,0.0112163,0.04875474,178,umm,0.01123596,0.00037733,0.01085862,0.05961336,178,
fragments of psalms psalm 70.txt,tua,0.01315789,3.832e-05,0.01311957,0.01311957,228,amt,0.01315789,3.243e-05,0.01312547,0.02624504,228,and,0.01315789,0.00435306,0.00880483,0.03504987,228,ria,0.00877193,0.00016017,0.00861176,0.04366163,228,iam,0.00877193,3.439e-05,0.00873754,0.05239917,228,
fragments of psalms psalm 79.txt,ten,0.01234568,0.00146805,0.01087763,0.01087763,162,usm,0.01234568,5.404e-05,0.01229163,0.02316926,162,and,0.01234568,0.00435306,0.00799262,0.03116187,162,nea,0.01234568,0.00118211,0.01116357,0.04232545,162,dom,0.00617284,0.00043531,0.00573753,0.04806298,162,
fragments of psalms psalm 84.txt,con,0.01428571,0.00045299,0.01383272,0.01383272,140,uer,0.01428571,1.081e-05,0.01427491,0.02810763,140,ert,0.01428571,7.665e-05,0.01420907,0.04231669,140,rte,0.01428571,0.00010023,0.01418549,0.05650218,140,ten,0.01428571,0.00146805,0.01281766,0.06931984,140,
fragments of psalms psalm 87.txt,min,0.01058201,0.00111529,0.00946672,0.00946672,189,nec,0.01058201,0.00032329,0.01025872,0.01972545,189,ecl,0.01058201,9.925e-05,0.01048276,0.03020821,189,iet,0.01058201,7.665e-05,0.01050537,0.04071358,189,dmo,0.01058201,0.00017393,0.01040808,0.05112166,189,
fragments of psalms psalm 89.txt,eor,0.01200686,0.00432457,0.00768229,0.00768229,583,ere,0.00857633,0.0013865,0.00718983,0.01487213,583,per,0.00857633,5.011e-05,0.00852622,0.02339834,583,ost,0.00857633,0.00063282,0.00794351,0.03134186,583,nos,0.00857633,9.237e-05,0.00848396,0.03982582,583,
genesis.txt,and,0.00676887,0.00435306,0.0024158,0.0024158,104892,ear,0.00397552,0.00363574,0.00033978,0.00275558,104892,eor,0.0034035,0.00432457,0.00092107,0.00367665,104892,þæt,0.00304122,0.00309922,5.8e-05,0.00373465,104892,eon,0.00291729,0.00307662,0.00015934,0.00389398,104892,
guthlac a b.txt,ond,0.00579716,0.00331933,0.00247783,0.00247783,48817,eor,0.00378966,0.00432457,0.0005349,0.00301273,48817,ear,0.00364627,0.00363574,1.053e-05,0.00302326,48817,ege,0.00356433,0.0032309,0.00033343,0.00335669,48817,eon,0.00342094,0.00307662,0.00034432,0.00370101,48817,
homiletic fragment i.txt,ond,0.00732154,0.00331933,0.0040022,0.0040022,1639,mid,0.00732154,0.00137176,0.00594978,0.00995199,1639,lic,0.00488103,0.00145823,0.0034228,0.01337478,1639,emi,0.0042709,0.00095119,0.00331971,0.01669449,1639,æge,0.00366077,0.00082443,0.00283634,0.01953083,1639,
homiletic fragment ii.txt,ond,0.00578035,0.00331933,0.00246101,0.00246101,692,ord,0.00578035,0.00129118,0.00448917,0.00695018,692,tre,0.00578035,0.00068686,0.00509349,0.01204367,692,reo,0.00578035,0.00136979,0.00441056,0.01645422,692,ges,0.00578035,0.0024615,0.00331885,0.01977307,692,
judith.txt,ond,0.00479452,0.00331933,0.00147519,0.00147519,13140,ege,0.00410959,0.0032309,0.00087869,0.00235388,13140,ear,0.00388128,0.00363574,0.00024554,0.00259942,13140,nde,0.00365297,0.00284177,0.00081119,0.00341061,13140,eal,0.00365297,0.00406614,0.00041317,0.00382378,13140,
juliana.txt,ond,0.0050629,0.00331933,0.00174356,0.00174356,25677,þæt,0.00416715,0.00309922,0.00106793,0.00281149,25677,eon,0.00338825,0.00307662,0.00031162,0.00312311,25677,eal,0.00327141,0.00406614,0.00079472,0.00391784,25677,ege,0.00323246,0.0032309,1.57e-06,0.00391941,25677,
latin-english proverbs.txt,sci,0.01932367,0.00032132,0.01900235,0.01900235,207,cit,0.01932367,1.081e-05,0.01931286,0.03831521,207,esc,0.01932367,0.00108286,0.01824081,0.05655602,207,ene,0.01449275,0.00169701,0.01279575,0.06935177,207,lað,0.01449275,0.00028791,0.01420484,0.08355661,207,
maxims i.txt,eal,0.00881814,0.00406614,0.00475201,0.00475201,8732,sce,0.00767293,0.00172256,0.00595037,0.01070238,8732,cea,0.00652771,0.00173238,0.00479533,0.01549771,8732,ond,0.00561154,0.00331933,0.00229221,0.01778992,8732,mon,0.00549702,0.00133835,0.00415868,0.02194859,8732,
maxims ii.txt,eal,0.01850508,0.00406614,0.01443894,0.01443894,2756,cea,0.01669086,0.00173238,0.01495847,0.02939742,2756,sce,0.01560232,0.00172256,0.01387977,0.04327719,2756,alo,0.00907112,0.00020144,0.00886968,0.05214686,2756,lon,0.00907112,0.00057582,0.00849529,0.06064216,2756,
metrical charm 1 to restore farmland.txt,and,0.01807384,0.00435306,0.01372078,0.01372078,3873,nne,0.00877872,0.00276513,0.0060136,0.01973438,3873,onn,0.00671314,0.00142875,0.00528439,0.02501877,3873,þon,0.00593855,0.00155747,0.00438108,0.02939985,3873,nan,0.00490576,0.0015447,0.00336106,0.0327609,3873,
metrical charm 10 for loss of cattle.txt,ris,0.01212121,0.00038912,0.01173209,0.01173209,660,ist,0.01212121,0.00045103,0.01167018,0.02340227,660,and,0.01212121,0.00435306,0.00776815,0.03117042,660,sti,0.01060606,0.00034883,0.01025723,0.04142765,660,cwe,0.00909091,0.00034196,0.00874895,0.0501766,660,
metrical charm 11 a journey charm.txt,and,0.01594388,0.00435306,0.01159081,0.01159081,1568,ege,0.00701531,0.0032309,0.00378441,0.01537522,1568,eal,0.00637755,0.00406614,0.00231142,0.01768664,1568,eme,0.00637755,0.00108679,0.00529076,0.0229774,1568,wið,0.0057398,0.00078807,0.00495172,0.02792912,1568,
metrical charm 12 against a wen.txt,swa,0.01356589,0.00151424,0.01205165,0.01205165,516,enn,0.01162791,0.00043629,0.01119162,0.02324327,516,nne,0.01162791,0.00276513,0.00886278,0.03210605,516,eal,0.01162791,0.00406614,0.00756177,0.03966782,516,als,0.01162791,0.00010612,0.01152178,0.0511896,516,
metrical charm 2 the nine herbs charm.txt,wið,0.01299145,0.00078807,0.01220338,0.01220338,2925,att,0.00991453,0.00010416,0.00981037,0.02201375,2925,and,0.00649573,0.00435306,0.00214266,0.02415641,2925,ttr,0.00649573,0.00012381,0.00637191,0.03052833,2925,wyr,0.00615385,0.00069374,0.00546011,0.03598844,2925,
metrical charm 3 against a dwarf.txt,man,0.01144165,0.00169701,0.00974464,0.00974464,874,and,0.01144165,0.00435306,0.00708858,0.01683322,874,nne,0.00800915,0.00276513,0.00524402,0.02207725,874,ans,0.00686499,0.00139141,0.00547358,0.02755083,874,nga,0.00686499,0.0010583,0.00580669,0.03335752,874,
metrical charm 4 to stop a stabbing pain.txt,ote,0.00977199,0.00027415,0.00949783,0.00949783,1228,sco,0.00895765,0.00016606,0.00879159,0.01828942,1228,cot,0.00895765,2.653e-05,0.00893112,0.02722055,1228,wær,0.00814332,0.00071732,0.007426,0.03464655,1228,nes,0.00651466,0.00231705,0.00419761,0.03884416,1228,
metrical charm 5 for loss of cattle.txt,nne,0.0138539,0.00276513,0.01108878,0.01108878,794,onn,0.01133501,0.00142875,0.00990626,0.02099504,794,ris,0.01133501,0.00038912,0.01094589,0.03194093,794,ist,0.01133501,0.00045103,0.01088398,0.04282491,794,þon,0.01007557,0.00155747,0.00851809,0.05134301,794,
metrical charm 6 charms for successful pregnancy.txt,nne,0.01783167,0.00276513,0.01506654,0.01506654,1402,þon,0.0149786,0.00155747,0.01342113,0.02848767,1402,and,0.01355207,0.00435306,0.009199,0.03768667,1402,onn,0.01355207,0.00142875,0.01212332,0.04980999,1402,ean,0.00784593,0.00188862,0.00595731,0.05576731,1402,
metrical charm 7 for the water-elf disease.txt,nne,0.0132626,0.00276513,0.01049747,0.01049747,754,ann,0.0066313,0.00100622,0.00562508,0.01612255,754,eal,0.0066313,0.00406614,0.00256516,0.01868772,754,onn,0.00530504,0.00142875,0.00387629,0.02256401,754,and,0.00530504,0.00435306,0.00095198,0.02351599,754,
metrical charm 8 for a swarm of bees.txt,and,0.02036199,0.00435306,0.01600893,0.01600893,442,wið,0.01357466,0.00078807,0.01278659,0.02879552,442,eor,0.01131222,0.00432457,0.00698765,0.03578317,442,nde,0.01131222,0.00284177,0.00847044,0.04425361,442,ndw,0.00904977,0.00066524,0.00838453,0.05263814,442,
metrical charm 9 for loss of cattle.txt,and,0.01278772,0.00435306,0.00843466,0.00843466,782,þæt,0.01150895,0.00309922,0.00840973,0.01684439,782,nne,0.01023018,0.00276513,0.00746505,0.02430944,782,feo,0.01023018,0.00100916,0.00922101,0.03353045,782,eoh,0.00895141,0.00047068,0.00848073,0.04201118,782,
metrical epilogue to the pastoral care.txt,ðæt,0.00646353,0.00022797,0.00623556,0.00623556,1083,hin,0.00554017,0.00052866,0.00501151,0.01124707,1083,ine,0.00554017,0.00140025,0.00413991,0.01538698,1083,wæt,0.00461681,0.00051883,0.00409797,0.01948496,1083,wel,0.00461681,0.00047854,0.00413826,0.02362322,1083,
metrical preface to the pastoral care.txt,end,0.01084991,0.00237404,0.00847587,0.00847587,553,nes,0.00542495,0.00231705,0.00310791,0.01158377,553,ðan,0.00542495,0.00127447,0.00415048,0.01573425,553,ums,0.00542495,0.00083524,0.00458972,0.02032397,553,for,0.00542495,0.00237109,0.00305386,0.02337783,553,
pharaoh.txt,ætþ,0.00696864,0.00042548,0.00654316,0.00654316,287,tþæ,0.00696864,0.00027219,0.00669645,0.01323961,287,þær,0.00696864,0.00112708,0.00584156,0.01908117,287,oru,0.00696864,0.00059941,0.00636924,0.02545041,287,des,0.00696864,0.00198197,0.00498667,0.03043708,287,
precepts.txt,ond,0.00641961,0.00331933,0.00310027,0.00310027,3427,eal,0.00437701,0.00406614,0.00031087,0.00341115,3427,ans,0.00437701,0.00139141,0.0029856,0.00639674,3427,eon,0.00379341,0.00307662,0.00071678,0.00711353,3427,eor,0.00379341,0.00432457,0.00053116,0.00764469,3427,
psalm 50.txt,end,0.00491439,0.00237404,0.00254035,0.00254035,6308,and,0.00475587,0.00435306,0.0004028,0.00294315,6308,nde,0.00475587,0.00284177,0.00191409,0.00485725,6308,min,0.00380469,0.00111529,0.0026894,0.00754665,6308,god,0.00332911,0.00145037,0.00187874,0.00942539,6308,
resignation.txt,ond,0.00689962,0.00331933,0.00358029,0.00358029,4493,nne,0.00534164,0.00276513,0.00257651,0.0061568,4493,min,0.00511907,0.00111529,0.00400379,0.01016059,4493,þon,0.00511907,0.00155747,0.0035616,0.01372219,4493,for,0.00467394,0.00237109,0.00230284,0.01602503,4493,
riddle 1.txt,ere,0.00723327,0.0013865,0.00584678,0.00584678,553,con,0.00542495,0.00045299,0.00497196,0.01081874,553,ond,0.00542495,0.00331933,0.00210562,0.01292436,553,tig,0.00542495,0.00061906,0.0048059,0.01773026,553,þæt,0.00542495,0.00309922,0.00232573,0.02005599,553,
riddle 10.txt,min,0.0078534,0.00111529,0.00673811,0.00673811,382,ond,0.0078534,0.00331933,0.00453407,0.01127218,382,nde,0.0078534,0.00284177,0.00501163,0.01628381,382,non,0.0052356,0.00122633,0.00400928,0.02029309,382,oþa,0.0052356,0.00016115,0.00507445,0.02536754,382,
riddle 11.txt,min,0.00892857,0.00111529,0.00781328,0.00781328,336,eor,0.00892857,0.00432457,0.004604,0.01241729,336,deo,0.00892857,0.00096593,0.00796264,0.02037993,336,eon,0.00892857,0.00307662,0.00585195,0.02623188,336,ole,0.00892857,0.00018768,0.00874089,0.03497277,336,
riddle 12.txt,eor,0.00956023,0.00432457,0.00523566,0.00523566,523,hwi,0.00956023,0.00039404,0.00916619,0.01440186,523,wil,0.00956023,0.00097969,0.00858054,0.0229824,523,ilu,0.00956023,0.00013069,0.00942954,0.03241194,523,lum,0.00956023,0.00069472,0.00886551,0.04127745,523,
riddle 13.txt,eah,0.01015228,0.00144349,0.0087088,0.0087088,394,aht,0.00761421,0.00055617,0.00705804,0.01576684,394,ond,0.00761421,0.00331933,0.00429488,0.02006172,394,swe,0.00761421,0.00095807,0.00665615,0.02671786,394,don,0.00761421,0.00183359,0.00578062,0.03249848,394,
riddle 14.txt,wil,0.01582734,0.00097969,0.01484765,0.01484765,695,hwi,0.01438849,0.00039404,0.01399445,0.02884211,695,ilu,0.01438849,0.00013069,0.0142578,0.04309991,695,lum,0.01438849,0.00069472,0.01369377,0.05679367,695,ehw,0.00719424,0.00081657,0.00637768,0.06317135,695,
riddle 15.txt,ear,0.00584795,0.00363574,0.00221221,0.00221221,1026,ond,0.00487329,0.00331933,0.00155396,0.00376617,1026,eal,0.00487329,0.00406614,0.00080716,0.00457333,1026,eon,0.00487329,0.00307662,0.00179667,0.00637,1026,eor,0.00487329,0.00432457,0.00054873,0.00691873,1026,
riddle 16.txt,wiþ,0.00938967,0.00012283,0.00926684,0.00926684,426,ewi,0.00938967,0.00115951,0.00823016,0.01749701,426,ond,0.00938967,0.00331933,0.00607034,0.02356734,426,tic,0.00704225,0.00034589,0.00669637,0.03026371,426,ics,0.00704225,0.00022601,0.00681625,0.03707996,426,
riddle 17.txt,min,0.00787402,0.00111529,0.00675873,0.00675873,381,ord,0.00787402,0.00129118,0.00658284,0.01334156,381,rum,0.00787402,0.00103471,0.0068393,0.02018087,381,inn,0.00787402,0.00056894,0.00730507,0.02748594,381,spe,0.00787402,0.00024271,0.00763131,0.03511724,381,
riddle 18.txt,ceo,0.01470588,0.00072224,0.01398365,0.01398365,136,ice,0.00735294,0.00137176,0.00598119,0.01996483,136,eom,0.00735294,0.00042057,0.00693237,0.02689721,136,omw,0.00735294,7.665e-05,0.0072763,0.0341735,136,mwu,0.00735294,0.00010416,0.00724878,0.04142228,136,
riddle 19.txt,siþ,0.00757576,0.00022011,0.00735565,0.00735565,264,iþe,0.00757576,0.00019358,0.00738218,0.01473783,264,beo,0.00757576,0.00085587,0.00671988,0.02145771,264,eor,0.00757576,0.00432457,0.00325119,0.0247089,264,orh,0.00757576,0.00099049,0.00658526,0.03129416,264,
riddle 2.txt,und,0.00959693,0.00141106,0.00818587,0.00818587,521,þon,0.00767754,0.00155747,0.00612007,0.01430594,521,gew,0.00575816,0.00132655,0.0044316,0.01873754,521,ewe,0.00575816,0.0012843,0.00447386,0.0232114,521,nde,0.00575816,0.00284177,0.00291638,0.02612778,521,
riddle 20.txt,eon,0.00618238,0.00307662,0.00310576,0.00310576,1294,fre,0.00463679,0.00136684,0.00326994,0.0063757,1294,eor,0.00463679,0.00432457,0.00031222,0.00668792,1294,min,0.00386399,0.00111529,0.0027487,0.00943662,1294,num,0.00386399,0.00133933,0.00252466,0.01196127,1294,
riddle 21.txt,ear,0.01107011,0.00363574,0.00743437,0.00743437,542,ond,0.01107011,0.00331933,0.00775078,0.01518515,542,min,0.00922509,0.00111529,0.0081098,0.02329495,542,wea,0.00922509,0.00147297,0.00775213,0.03104707,542,eon,0.00922509,0.00307662,0.00614847,0.03719554,542,
riddle 22.txt,nde,0.00998573,0.00284177,0.00714396,0.00714396,701,und,0.0085592,0.00141106,0.00714814,0.0142921,701,wæg,0.00570613,0.00011202,0.00559411,0.01988621,701,nge,0.00570613,0.00261479,0.00309135,0.02297756,701,ges,0.00570613,0.0024615,0.00324464,0.0262222,701,
riddle 23.txt,þæt,0.01372213,0.00309922,0.0106229,0.0106229,583,æti,0.00857633,0.00039895,0.00817738,0.01880028,583,tic,0.00857633,0.00034589,0.00823044,0.02703073,583,ong,0.0051458,0.00147493,0.00367087,0.03070159,583,eap,0.0051458,0.00018768,0.00495811,0.03565971,583,
riddle 24.txt,hwi,0.0177665,0.00039404,0.01737246,0.01737246,394,wil,0.0177665,0.00097969,0.01678681,0.03415927,394,ilu,0.0177665,0.00013069,0.01763581,0.05179508,394,lum,0.0177665,0.00069472,0.01707178,0.06886686,394,swa,0.01522843,0.00151424,0.01371419,0.08258105,394,
riddle 25.txt,ten,0.00980392,0.00146805,0.00833587,0.00833587,408,mec,0.00980392,0.00031051,0.00949341,0.01782928,408,nde,0.00735294,0.00284177,0.00451117,0.02234044,408,min,0.00735294,0.00111529,0.00623765,0.0285781,408,con,0.00735294,0.00045299,0.00689995,0.03547804,408,
riddle 26.txt,ond,0.01449275,0.00331933,0.01117342,0.01117342,1035,mec,0.0057971,0.00031051,0.00548659,0.01666001,1035,eon,0.0057971,0.00307662,0.00272048,0.01938049,1035,ran,0.00483092,0.00126367,0.00356725,0.02294774,1035,ede,0.00386473,0.00094431,0.00292042,0.02586816,1035,
riddle 27.txt,eor,0.00805153,0.00432457,0.00372696,0.00372696,621,nde,0.00805153,0.00284177,0.00520976,0.00893672,621,gen,0.00644122,0.00176972,0.0046715,0.01360822,621,ond,0.00644122,0.00331933,0.00312189,0.01673011,621,æge,0.00644122,0.00082443,0.00561679,0.0223469,621,
riddle 28.txt,dþy,0.00854701,6.878e-05,0.00847822,0.00847822,468,est,0.00854701,0.00191122,0.00663579,0.01511401,468,ond,0.00854701,0.00331933,0.00522767,0.02034169,468,wed,0.00641026,0.00014936,0.0062609,0.02660258,468,dmi,0.00641026,0.00039109,0.00601917,0.03262175,468,
riddle 29.txt,iht,0.008,0.00216769,0.00583231,0.00583231,500,wih,0.006,0.00023681,0.00576319,0.0115955,500,sea,0.006,0.0008657,0.0051343,0.0167298,500,lic,0.006,0.00145823,0.00454177,0.02127157,500,num,0.006,0.00133933,0.00466067,0.02593224,500,
riddle 3.txt,nne,0.00589391,0.00276513,0.00312878,0.00312878,2545,nde,0.00550098,0.00284177,0.00265921,0.00578799,2545,ond,0.00510806,0.00331933,0.00178872,0.00757671,2545,ste,0.0043222,0.00166163,0.00266057,0.01023728,2545,rea,0.00392927,0.00126563,0.00266364,0.01290092,2545,
riddle 30.txt,nde,0.01219512,0.00284177,0.00935335,0.00935335,328,mid,0.00914634,0.00137176,0.00777459,0.01712793,328,ege,0.00914634,0.0032309,0.00591544,0.02304338,328,ges,0.00914634,0.0024615,0.00668485,0.02972822,328,end,0.00914634,0.00237404,0.0067723,0.03650052,328,
riddle 30b.txt,ege,0.01257862,0.0032309,0.00934772,0.00934772,318,nde,0.00943396,0.00284177,0.00659219,0.01593991,318,ges,0.00943396,0.0024615,0.00697247,0.02291237,318,end,0.00943396,0.00237404,0.00705992,0.02997229,318,mec,0.00943396,0.00031051,0.00912345,0.03909575,318,
riddle 31.txt,lic,0.00820633,0.00145823,0.0067481,0.0067481,853,ong,0.00820633,0.00147493,0.0067314,0.0134795,853,nge,0.007034,0.00261479,0.00441921,0.01789871,853,ræt,0.00586166,0.00020734,0.00565433,0.02355304,853,mon,0.00586166,0.00133835,0.00452332,0.02807636,853,
riddle 32.txt,ear,0.00970874,0.00363574,0.006073,0.006073,515,dan,0.00582524,0.00181885,0.00400639,0.01007939,515,lic,0.00582524,0.00145823,0.00436702,0.0144464,515,wis,0.00582524,0.00048739,0.00533786,0.01978426,515,umg,0.00582524,0.00064264,0.0051826,0.02496686,515,
riddle 33.txt,lon,0.00814664,0.00057582,0.00757082,0.00757082,491,ond,0.00814664,0.00331933,0.00482731,0.01239812,491,deh,0.00814664,0.00069669,0.00744995,0.01984807,491,ear,0.00814664,0.00363574,0.0045109,0.02435897,491,ter,0.00610998,0.00083819,0.00527179,0.02963077,491,
riddle 34.txt,eðh,0.01208459,0.00020635,0.01187824,0.01187824,331,ond,0.01208459,0.00331933,0.00876526,0.0206435,331,oþa,0.00906344,0.00016115,0.00890229,0.02954579,331,ese,0.0060423,0.00155354,0.00448875,0.03403454,331,eoþ,0.0060423,0.00022306,0.00581924,0.03985378,331,
riddle 35.txt,mec,0.0094162,0.00031051,0.00910568,0.00910568,531,ene,0.0094162,0.00169701,0.00771919,0.01682487,531,ewæ,0.00564972,0.00059842,0.00505129,0.02187617,531,nde,0.00564972,0.00284177,0.00280794,0.02468411,531,eme,0.00564972,0.00108679,0.00456293,0.02924704,531,
riddle 36.txt,ond,0.0130719,0.00331933,0.00975256,0.00975256,459,nde,0.0087146,0.00284177,0.00587282,0.01562538,459,eso,0.0087146,0.00062299,0.00809161,0.02371699,459,efe,0.00653595,0.00083819,0.00569776,0.02941475,459,wæs,0.00653595,0.00134228,0.00519367,0.03460842,459,
riddle 37.txt,ege,0.00671141,0.0032309,0.00348051,0.00348051,298,sea,0.00671141,0.0008657,0.00584571,0.00932622,298,eah,0.00671141,0.00144349,0.00526792,0.01459414,298,uma,0.00671141,0.00069472,0.00601669,0.02061083,298,þru,0.00671141,7.271e-05,0.00663869,0.02724953,298,
riddle 38.txt,ges,0.01195219,0.0024615,0.0094907,0.0094907,251,ese,0.01195219,0.00155354,0.01039865,0.01988934,251,wih,0.00796813,0.00023681,0.00773131,0.02762066,251,iht,0.00796813,0.00216769,0.00580044,0.0334211,251,htg,0.00796813,0.00012971,0.00783842,0.04125952,251,
riddle 39.txt,hio,0.00825688,0.00033704,0.00791984,0.00791984,1090,nne,0.00733945,0.00276513,0.00457432,0.01249416,1090,ges,0.00642202,0.0024615,0.00396052,0.01645468,1090,haf,0.00642202,0.0002152,0.00620682,0.0226615,1090,afa,0.00642202,0.00025254,0.00616948,0.02883098,1090,
riddle 4.txt,min,0.0123839,0.00111529,0.01126861,0.01126861,323,eal,0.00928793,0.00406614,0.00522179,0.0164904,323,nem,0.00928793,0.000905,0.00838292,0.02487332,323,emi,0.00928793,0.00095119,0.00833674,0.03321006,323,eþe,0.00928793,0.00112806,0.00815986,0.04136992,323,
riddle 40.txt,ice,0.00857219,0.00137176,0.00720044,0.00720044,3733,eom,0.00723279,0.00042057,0.00681222,0.01401266,3733,ceo,0.00669703,0.00072224,0.00597479,0.01998745,3733,þon,0.00642915,0.00155747,0.00487167,0.02485912,3733,nne,0.00642915,0.00276513,0.00366402,0.02852314,3733,
riddle 41.txt,þæs,0.01712329,0.00068686,0.01643643,0.01643643,292,nþæ,0.01369863,0.00076351,0.01293512,0.02937155,292,est,0.01027397,0.00191122,0.00836275,0.0377343,292,sta,0.01027397,0.001075,0.00919897,0.04693328,292,tan,0.01027397,0.0018051,0.00846888,0.05540215,292,
riddle 42.txt,und,0.00559701,0.00141106,0.00418595,0.00418595,536,ega,0.00559701,0.00042155,0.00517547,0.00936142,536,gan,0.00559701,0.00158793,0.00400908,0.0133705,536,eor,0.00559701,0.00432457,0.00127245,0.01464295,536,hwy,0.00373134,0.00042351,0.00330783,0.01795078,536,
riddle 43.txt,eþe,0.00736648,0.00112806,0.00623842,0.00623842,543,egi,0.00552486,0.00025745,0.00526741,0.01150583,543,ams,0.00552486,0.00016508,0.00535978,0.01686561,543,sce,0.00552486,0.00172256,0.00380231,0.02066792,543,him,0.00552486,0.00166851,0.00385635,0.02452427,543,
riddle 44.txt,þon,0.00840336,0.00155747,0.00684589,0.00684589,238,hea,0.00840336,0.00152505,0.00687832,0.0137242,238,his,0.00840336,0.00125286,0.0071505,0.02087471,238,efe,0.00840336,0.00083819,0.00756518,0.02843988,238,þæt,0.00840336,0.00309922,0.00530414,0.03374402,238,
riddle 45.txt,ræg,0.01183432,0.00014445,0.01168987,0.01168987,169,þin,0.01183432,0.00111627,0.01071805,0.02240792,169,ind,0.01183432,0.00043138,0.01140294,0.03381086,169,ano,0.01183432,0.00090795,0.01092637,0.04473723,169,non,0.01183432,0.00122633,0.01060799,0.05534522,169,
riddle 46.txt,ond,0.02008032,0.00331933,0.01676099,0.01676099,249,dhi,0.01204819,0.00062299,0.0114252,0.02818619,249,his,0.01204819,0.00125286,0.01079534,0.03898153,249,ndh,0.01204819,0.00097182,0.01107637,0.0500579,249,ege,0.01204819,0.0032309,0.0088173,0.05887519,249,
riddle 47.txt,þæt,0.01276596,0.00309922,0.00966673,0.00966673,235,wor,0.00851064,0.00143563,0.00707501,0.01674174,235,ord,0.00851064,0.00129118,0.00721946,0.0239612,235,fræ,0.00851064,0.00018473,0.0083259,0.03228711,235,ræt,0.00851064,0.00020734,0.0083033,0.04059041,235,
riddle 48.txt,des,0.01393728,0.00198197,0.01195531,0.01195531,287,hæl,0.01045296,0.00046675,0.00998621,0.02194152,287,end,0.01045296,0.00237404,0.00807892,0.03002044,287,ant,0.01045296,0.00031837,0.01013459,0.04015503,287,gum,0.01045296,0.00094922,0.00950374,0.04965877,287,
riddle 49.txt,wil,0.01340483,0.00097969,0.01242514,0.01242514,373,ond,0.01072386,0.00331933,0.00740453,0.01982967,373,nne,0.0080429,0.00276513,0.00527777,0.02510743,373,nde,0.0080429,0.00284177,0.00520112,0.03030855,373,ear,0.00536193,0.00363574,0.00172619,0.03203474,373,
riddle 5.txt,ege,0.00881057,0.0032309,0.00557968,0.00557968,454,eor,0.00881057,0.00432457,0.00448601,0.01006568,454,weo,0.00660793,0.00144545,0.00516248,0.01522816,454,ecg,0.00660793,0.00046085,0.00614707,0.02137523,454,gum,0.00660793,0.00094922,0.00565871,0.02703394,454,
riddle 50.txt,eon,0.01420455,0.00307662,0.01112792,0.01112792,352,him,0.01136364,0.00166851,0.00969513,0.02082305,352,neo,0.00852273,0.00101506,0.00750767,0.02833071,352,yht,0.00852273,0.00071241,0.00781032,0.03614103,352,feo,0.00852273,0.00100916,0.00751356,0.0436546,352,
riddle 51.txt,feo,0.00840336,0.00100916,0.0073942,0.0073942,238,eow,0.00840336,0.00075466,0.0076487,0.0150429,238,owe,0.00840336,0.00041074,0.00799262,0.02303552,238,wer,0.00840336,0.00073501,0.00766835,0.03070387,238,ast,0.00840336,0.00083131,0.00757205,0.03827592,238,
riddle 52.txt,nge,0.01442308,0.00261479,0.01180829,0.01180829,208,gas,0.00961538,0.0006112,0.00900419,0.02081248,208,asi,0.00961538,0.00017,0.00944539,0.03025787,208,ale,0.00961538,0.00040878,0.00920661,0.03946448,208,les,0.00961538,0.00083622,0.00877916,0.04824364,208,
riddle 53.txt,ear,0.00678733,0.00363574,0.00315159,0.00315159,442,num,0.00678733,0.00133933,0.005448,0.00859959,442,umw,0.00678733,0.00066426,0.00612307,0.01472266,442,ste,0.00678733,0.00166163,0.0051257,0.01984836,442,nbe,0.00452489,0.00041467,0.00411022,0.02395857,442,
riddle 54.txt,est,0.00959233,0.00191122,0.00768111,0.00768111,417,ond,0.00959233,0.00331933,0.00627299,0.0139541,417,sto,0.00719424,0.00082443,0.00636982,0.02032391,417,eor,0.00719424,0.00432457,0.00286968,0.02319359,417,age,0.00719424,0.00165475,0.00553949,0.02873308,417,
riddle 55.txt,ond,0.01436266,0.00331933,0.01104332,0.01104332,557,hea,0.00718133,0.00152505,0.00565628,0.01669961,557,eal,0.00718133,0.00406614,0.00311519,0.0198148,557,nds,0.00718133,0.0007527,0.00642863,0.02624343,557,all,0.005386,0.00137274,0.00401326,0.03025669,557,
riddle 56.txt,þær,0.01201923,0.00112708,0.01089215,0.01089215,416,ege,0.00961538,0.0032309,0.00638449,0.01727664,416,nde,0.00961538,0.00284177,0.00677361,0.02405025,416,wæs,0.00721154,0.00134228,0.00586926,0.02991951,416,nne,0.00721154,0.00276513,0.00444641,0.03436592,416,
riddle 57.txt,ear,0.01507538,0.00363574,0.01143963,0.01143963,199,fer,0.01005025,0.00130101,0.00874925,0.02018888,199,esw,0.01005025,0.00153389,0.00851636,0.02870524,199,esa,0.01005025,0.00071732,0.00933293,0.03803817,199,sal,0.01005025,0.00016017,0.00989008,0.04792825,199,
riddle 58.txt,reð,0.00793651,0.00026531,0.0076712,0.0076712,504,nes,0.00793651,0.00231705,0.00561946,0.01329066,504,gan,0.00595238,0.00158793,0.00436445,0.0176551,504,nef,0.00595238,0.00057975,0.00537263,0.02302773,504,fer,0.00595238,0.00130101,0.00465137,0.02767911,504,
riddle 59.txt,end,0.00841751,0.00237404,0.00604347,0.00604347,594,ges,0.00841751,0.0024615,0.00595601,0.01199948,594,ing,0.00673401,0.00160857,0.00512544,0.01712492,594,nne,0.00673401,0.00276513,0.00396888,0.02109379,594,eal,0.00505051,0.00406614,0.00098437,0.02207816,594,
riddle 6.txt,ete,0.00882353,0.00051097,0.00831256,0.00831256,340,nne,0.00882353,0.00276513,0.0060584,0.01437096,340,fre,0.00882353,0.00136684,0.00745669,0.02182765,340,mec,0.00588235,0.00031051,0.00557184,0.02739949,340,ice,0.00588235,0.00137176,0.0045106,0.03191009,340,
riddle 60.txt,ond,0.00694444,0.00331933,0.00362511,0.00362511,576,nde,0.00694444,0.00284177,0.00410267,0.00772778,576,þæt,0.00694444,0.00309922,0.00384522,0.011573,576,eol,0.00694444,0.0007183,0.00622614,0.01779914,576,ord,0.00694444,0.00129118,0.00565326,0.0234524,576,
riddle 61.txt,ear,0.00977199,0.00363574,0.00613625,0.00613625,307,dne,0.00977199,0.00044218,0.0093298,0.01546605,307,mec,0.00651466,0.00031051,0.00620415,0.02167019,307,ecf,0.00651466,2.064e-05,0.00649402,0.02816422,307,cfr,0.00651466,5.503e-05,0.00645963,0.03462385,307,
riddle 62.txt,ear,0.01282051,0.00363574,0.00918477,0.00918477,312,ard,0.00641026,0.00101703,0.00539323,0.014578,312,ond,0.00641026,0.00331933,0.00309092,0.01766892,312,ong,0.00641026,0.00147493,0.00493532,0.02260425,312,ron,0.00641026,0.0007527,0.00565756,0.02826181,312,
riddle 63.txt,eon,0.00692841,0.00307662,0.00385178,0.00385178,433,onþ,0.00461894,0.00105633,0.00356261,0.00741439,433,þon,0.00461894,0.00155747,0.00306146,0.01047585,433,onn,0.00461894,0.00142875,0.00319019,0.01366604,433,nne,0.00461894,0.00276513,0.00185381,0.01551985,433,
riddle 64.txt,ond,0.02487562,0.00331933,0.02155629,0.02155629,201,eah,0.01492537,0.00144349,0.01348189,0.03503817,201,non,0.00995025,0.00122633,0.00872392,0.0437621,201,ofe,0.00995025,0.00128627,0.00866398,0.05242608,201,fer,0.00995025,0.00130101,0.00864924,0.06107532,201,
riddle 65.txt,mec,0.01520913,0.00031051,0.01489861,0.01489861,263,bit,0.01520913,0.00011497,0.01509416,0.02999277,263,ite,0.01140684,0.00047658,0.01093027,0.04092304,263,cwi,0.00760456,0.00026629,0.00733827,0.04826131,263,wæs,0.00760456,0.00134228,0.00626229,0.05452359,263,
riddle 66.txt,nne,0.01351351,0.00276513,0.01074838,0.01074838,370,eþo,0.01081081,0.00050507,0.01030574,0.02105412,370,þon,0.01081081,0.00155747,0.00925334,0.03030746,370,onn,0.01081081,0.00142875,0.00938206,0.03968952,370,ear,0.01081081,0.00363574,0.00717507,0.04686459,370,
riddle 67.txt,nge,0.00672646,0.00261479,0.00411167,0.00411167,446,ges,0.00672646,0.0024615,0.00426496,0.00837663,446,ese,0.00672646,0.00155354,0.00517291,0.01354955,446,con,0.0044843,0.00045299,0.00403131,0.01758086,446,ing,0.0044843,0.00160857,0.00287573,0.02045659,446,
riddle 68.txt,icþ,0.01449275,0.00042745,0.01406531,0.01406531,69,cþa,0.01449275,8.942e-05,0.01440333,0.02846864,69,þaw,0.01449275,0.00026826,0.01422449,0.04269314,69,awi,0.01449275,0.00032918,0.01416357,0.05685671,69,wih,0.01449275,0.00023681,0.01425594,0.07111265,69,
riddle 69.txt,rwe,0.04545455,0.0003282,0.04512635,0.04512635,44,wea,0.04545455,0.00147297,0.04398158,0.08910792,44,ear,0.04545455,0.00363574,0.0418188,0.13092673,44,arð,0.04545455,0.00027907,0.04517548,0.17610221,44,wun,0.02272727,0.00064166,0.02208561,0.19818782,44,
riddle 7.txt,ond,0.01265823,0.00331933,0.00933889,0.00933889,316,min,0.00949367,0.00111529,0.00837838,0.01771728,316,gað,0.00949367,0.00026629,0.00922738,0.02694465,316,þon,0.00949367,0.00155747,0.0079362,0.03488085,316,onn,0.00949367,0.00142875,0.00806492,0.04294577,316,
riddle 70.txt,ges,0.01298701,0.0024615,0.01052552,0.01052552,231,wræ,0.00865801,0.00020832,0.00844969,0.01897521,231,ræt,0.00865801,0.00020734,0.00845067,0.02742588,231,ætl,0.00865801,0.00010121,0.0085568,0.03598268,231,tli,0.00865801,0.00022208,0.00843593,0.04441861,231,
riddle 71.txt,ste,0.00909091,0.00166163,0.00742928,0.00742928,330,ice,0.00606061,0.00137176,0.00468885,0.01211813,330,eom,0.00606061,0.00042057,0.00564004,0.01775817,330,htr,0.00606061,0.00011595,0.00594466,0.02370282,330,ebe,0.00606061,0.00105928,0.00500133,0.02870415,330,
riddle 72.txt,ear,0.00779727,0.00363574,0.00416153,0.00416153,513,ade,0.00779727,0.00058958,0.00720769,0.01136922,513,wæs,0.00584795,0.00134228,0.00450568,0.0158749,513,und,0.00584795,0.00141106,0.00443689,0.02031179,513,icw,0.00389864,0.00023092,0.00366772,0.02397951,513,
riddle 73.txt,don,0.0077951,0.00183359,0.00596151,0.00596151,898,anw,0.00668151,0.00097084,0.00571067,0.01167218,898,ond,0.00556793,0.00331933,0.00224859,0.01392077,898,nwe,0.00556793,0.0006279,0.00494003,0.0188608,898,mec,0.00445434,0.00031051,0.00414383,0.02300463,898,
riddle 74.txt,ond,0.01724138,0.00331933,0.01392205,0.01392205,174,idf,0.01724138,8.451e-05,0.01715687,0.03107892,174,eon,0.01149425,0.00307662,0.00841763,0.03949655,174,mid,0.01149425,0.00137176,0.0101225,0.04961904,174,umo,0.01149425,0.00050704,0.01098721,0.06060626,174,
riddle 75.txt,ics,0.01923077,0.00022601,0.01900476,0.01900476,52,csw,0.01923077,8.254e-05,0.01914823,0.03815299,52,swi,0.01923077,0.00080772,0.01842304,0.05657604,52,wif,0.01923077,0.00015427,0.0190765,0.07565253,52,ift,0.01923077,4.618e-05,0.01918459,0.09483712,52,
riddle 76.txt,ese,0.07142857,0.00155354,0.06987503,0.06987503,28,ica,0.03571429,0.00024664,0.03546764,0.10534267,28,can,0.03571429,0.00092269,0.03479159,0.14013427,28,ane,0.03571429,0.00099442,0.03471986,0.17485413,28,neg,0.03571429,0.00097575,0.03473853,0.20959266,28,
riddle 77.txt,þan,0.01075269,0.00074385,0.01000884,0.01000884,279,nge,0.01075269,0.00261479,0.0081379,0.01814674,279,mec,0.00716846,0.00031051,0.00685795,0.02500468,279,eon,0.00716846,0.00307662,0.00409184,0.02909652,279,eof,0.00716846,0.00161348,0.00555498,0.03465149,279,
riddle 78.txt,flo,0.01351351,0.00019358,0.01331993,0.01331993,148,oft,0.00675676,0.00032427,0.00643249,0.01975242,148,fti,0.00675676,9.138e-05,0.00666537,0.02641779,148,tic,0.00675676,0.00034589,0.00641087,0.03282866,148,icf,0.00675676,0.00012283,0.00663393,0.03946259,148,
riddle 79.txt,ice,0.03125,0.00137176,0.02987824,0.02987824,32,ceo,0.03125,0.00072224,0.03052776,0.06040601,32,eom,0.03125,0.00042057,0.03082943,0.09123544,32,omæ,0.03125,5.896e-05,0.03119104,0.12242648,32,mæþ,0.03125,3.243e-05,0.03121757,0.15364406,32,
riddle 8.txt,ren,0.00833333,0.00079593,0.0075374,0.0075374,360,cum,0.00833333,0.00055126,0.00778208,0.01531948,360,gen,0.00833333,0.00176972,0.00656361,0.02188309,360,emi,0.00833333,0.00095119,0.00738214,0.02926523,360,end,0.00833333,0.00237404,0.00595929,0.03522453,360,
riddle 80.txt,ges,0.01282051,0.0024615,0.01035902,0.01035902,390,nge,0.00769231,0.00261479,0.00507752,0.01543654,390,min,0.00769231,0.00111529,0.00657702,0.02201356,390,hwi,0.00769231,0.00039404,0.00729827,0.02931183,390,æþe,0.00512821,0.00022601,0.0049022,0.03421403,390,
riddle 81.txt,ond,0.02415459,0.00331933,0.02083526,0.02083526,414,hea,0.00966184,0.00152505,0.00813679,0.02897204,414,ear,0.00966184,0.00363574,0.00602609,0.03499814,414,eon,0.00724638,0.00307662,0.00416975,0.03916789,414,ndh,0.00724638,0.00097182,0.00627455,0.04544244,414,
riddle 82.txt,gon,0.01851852,0.00057779,0.01794073,0.01794073,108,ong,0.01851852,0.00147493,0.01704359,0.03498432,108,nge,0.01851852,0.00261479,0.01590373,0.05088805,108,geð,0.01851852,0.00029872,0.0182198,0.06910785,108,wih,0.00925926,0.00023681,0.00902244,0.07813029,108,
riddle 83.txt,ear,0.01077586,0.00363574,0.00714012,0.00714012,464,fro,0.00646552,0.0003567,0.00610882,0.01324894,464,min,0.00646552,0.00111529,0.00535023,0.01859917,464,nfr,0.00646552,0.00023092,0.0062346,0.02483377,464,þan,0.00646552,0.00074385,0.00572166,0.03055543,464,
riddle 84.txt,ond,0.00661853,0.00331933,0.0032992,0.0032992,1662,und,0.00541516,0.00141106,0.0040041,0.0073033,1662,umg,0.00541516,0.00064264,0.00477252,0.01207582,1662,eor,0.00481348,0.00432457,0.00048891,0.01256473,1662,ear,0.00481348,0.00363574,0.00117774,0.01374247,1662,
riddle 85.txt,min,0.0075188,0.00111529,0.00640351,0.00640351,266,swi,0.0075188,0.00080772,0.00671107,0.01311458,266,ige,0.0075188,0.00155158,0.00596722,0.0190818,266,nei,0.0075188,0.00023485,0.00728395,0.02636575,266,eic,0.0075188,0.00059449,0.0069243,0.03329005,266,
riddle 86.txt,ond,0.030837,0.00331933,0.02751767,0.02751767,227,eon,0.01321586,0.00307662,0.01013924,0.03765691,227,dea,0.01321586,0.00107304,0.01214282,0.04979973,227,twa,0.01321586,9.925e-05,0.01311661,0.06291634,227,wom,0.00881057,0.00022699,0.00858358,0.07149993,227,
riddle 87.txt,eah,0.00840336,0.00144349,0.00695987,0.00695987,238,und,0.00840336,0.00141106,0.0069923,0.01395217,238,lic,0.00840336,0.00145823,0.00694513,0.02089731,238,ice,0.00840336,0.00137176,0.00703161,0.02792891,238,ewi,0.00840336,0.00115951,0.00724385,0.03517277,238,
riddle 88.txt,ond,0.00590551,0.00331933,0.00258618,0.00258618,1016,ear,0.00590551,0.00363574,0.00226977,0.00485595,1016,ard,0.00590551,0.00101703,0.00488849,0.00974443,1016,min,0.00492126,0.00111529,0.00380597,0.01355041,1016,bro,0.00492126,0.00023878,0.00468248,0.01823289,1016,
riddle 89.txt,eþr,0.01142857,0.00022208,0.0112065,0.0112065,175,wæs,0.01142857,0.00134228,0.01008629,0.02129279,175,nhi,0.01142857,0.00072322,0.01070535,0.03199814,175,sew,0.00571429,0.00023485,0.00547944,0.03747758,175,ewi,0.00571429,0.00115951,0.00455478,0.04203236,175,
riddle 9.txt,swa,0.00934579,0.00151424,0.00783156,0.00783156,428,mec,0.00700935,0.00031051,0.00669883,0.01453039,428,ond,0.00700935,0.00331933,0.00369001,0.0182204,428,dor,0.00700935,0.00066721,0.00634214,0.02456254,428,heo,0.00700935,0.00176383,0.00524552,0.02980806,428,
riddle 91.txt,rde,0.0104712,0.00090107,0.00957013,0.00957013,382,min,0.0078534,0.00111529,0.00673811,0.01630824,382,hea,0.0078534,0.00152505,0.00632836,0.0226366,382,ear,0.0078534,0.00363574,0.00421766,0.02685426,382,anþ,0.0078534,0.00111038,0.00674303,0.03359729,382,
riddle 92.txt,ond,0.01442308,0.00331933,0.01110374,0.01110374,208,wæs,0.00961538,0.00134228,0.00827311,0.01937685,208,lic,0.00961538,0.00145823,0.00815716,0.02753401,208,old,0.00961538,0.00132754,0.00828785,0.03582186,208,nge,0.00961538,0.00261479,0.0070006,0.04282245,208,
riddle 93.txt,nde,0.00679612,0.00284177,0.00395434,0.00395434,1030,ond,0.00679612,0.00331933,0.00347678,0.00743112,1030,wil,0.00582524,0.00097969,0.00484556,0.01227668,1030,lum,0.00582524,0.00069472,0.00513052,0.0174072,1030,ilu,0.00485437,0.00013069,0.00472368,0.02213088,1030,
riddle 94.txt,reþ,0.03184713,0.00044513,0.031402,0.031402,157,eþo,0.03184713,0.00050507,0.03134206,0.06274406,157,þon,0.03184713,0.00155747,0.03028966,0.09303372,157,nne,0.03184713,0.00276513,0.029082,0.12211573,157,onn,0.02547771,0.00142875,0.02404896,0.14616469,157,
riddle 95.txt,ond,0.01666667,0.00331933,0.01334733,0.01334733,420,min,0.00952381,0.00111529,0.00840852,0.02175585,420,ndr,0.00952381,0.00076744,0.00875637,0.03051223,420,eor,0.00714286,0.00432457,0.00281829,0.03333052,420,cum,0.00714286,0.00055126,0.0065916,0.03992212,420,
solomon and saturn.txt,and,0.00510204,0.00435306,0.00074898,0.00074898,20188,nne,0.00396275,0.00276513,0.00119762,0.0019466,20188,ðon,0.00371508,0.00083622,0.00287886,0.00482546,20188,ege,0.0033188,0.0032309,8.791e-05,0.00491336,20188,eal,0.0031702,0.00406614,0.00089594,0.0058093,20188,
soul and body i.txt,nne,0.00474233,0.00276513,0.0019772,0.0019772,6326,ond,0.0042681,0.00331933,0.00094877,0.00292597,6326,þæt,0.00411002,0.00309922,0.0010108,0.00393677,6326,est,0.00395194,0.00191122,0.00204072,0.00597749,6326,onn,0.00363579,0.00142875,0.00220704,0.00818453,6326,
soul and body ii.txt,ond,0.00609093,0.00331933,0.00277159,0.00277159,4597,onn,0.00500326,0.00142875,0.00357451,0.00634611,4597,nne,0.00500326,0.00276513,0.00223813,0.00858424,4597,þon,0.0045682,0.00155747,0.00301072,0.01159497,4597,þæt,0.00348053,0.00309922,0.00038131,0.01197627,4597,
the battle of brunanburh.txt,eor,0.00637959,0.00432457,0.00205502,0.00205502,2508,and,0.00637959,0.00435306,0.00202652,0.00408154,2508,ear,0.00518341,0.00363574,0.00154767,0.00562921,2508,anh,0.00478469,0.00128135,0.00350334,0.00913255,2508,tan,0.00438596,0.0018051,0.00258087,0.01171341,2508,
the battle of finnsburh.txt,eal,0.00441014,0.00406614,0.00034401,0.00034401,1814,and,0.00441014,0.00435306,5.708e-05,0.00040109,1814,hea,0.00330761,0.00152505,0.00178256,0.00218365,1814,lle,0.00330761,0.00147591,0.00183169,0.00401534,1814,ige,0.00330761,0.00155158,0.00175603,0.00577137,1814,
the battle of maldon.txt,and,0.00531741,0.00435306,0.00096434,0.00096434,12224,eor,0.0052356,0.00432457,0.00091103,0.00187538,12224,þæt,0.00466296,0.00309922,0.00156373,0.00343911,12224,eal,0.00441754,0.00406614,0.0003514,0.00379052,12224,don,0.00417212,0.00183359,0.00233853,0.00612904,12224,
the brussels cross.txt,ric,0.01744186,0.00053848,0.01690338,0.01690338,172,rod,0.01162791,0.00053848,0.01108942,0.0279928,172,cri,0.01162791,0.00021421,0.01141369,0.03940649,172,deb,0.01162791,0.00031346,0.01131445,0.05072094,172,ode,0.01162791,0.00226006,0.00936785,0.06008879,172,
the capture of the five boroughs.txt,und,0.00952381,0.00141106,0.00811275,0.00811275,420,and,0.00952381,0.00435306,0.00517075,0.01328349,420,ead,0.00714286,0.00063969,0.00650316,0.01978666,420,mun,0.00714286,0.00025745,0.00688541,0.02667206,420,ing,0.00714286,0.00160857,0.00553429,0.03220635,420,
the coronation of edgar.txt,wæs,0.01079622,0.00134228,0.00945394,0.00945394,741,and,0.00944669,0.00435306,0.00509363,0.01454757,741,den,0.00674764,0.00134129,0.00540634,0.01995392,741,nge,0.00539811,0.00261479,0.00278332,0.02273724,741,ege,0.00539811,0.0032309,0.00216721,0.02490446,741,
the creed.txt,and,0.00790514,0.00435306,0.00355207,0.00355207,2277,ege,0.00527009,0.0032309,0.0020392,0.00559127,2277,neg,0.00483092,0.00097575,0.00385516,0.00944643,2277,end,0.00483092,0.00237404,0.00245688,0.01190331,2277,eal,0.00395257,0.00406614,0.00011357,0.01201688,2277,
the death of alfred.txt,des,0.01058201,0.00198197,0.00860004,0.00860004,1134,and,0.00705467,0.00435306,0.00270161,0.01130165,1134,ode,0.00705467,0.00226006,0.00479462,0.01609627,1134,ine,0.00705467,0.00140025,0.00565442,0.02175069,1134,man,0.00705467,0.00169701,0.00535767,0.02710836,1134,
the death of edgar.txt,and,0.00654545,0.00435306,0.00219239,0.00219239,1375,ear,0.00654545,0.00363574,0.00290971,0.0051021,1375,wea,0.00581818,0.00147297,0.00434522,0.00944732,1375,end,0.00509091,0.00237404,0.00271687,0.01216419,1375,ode,0.00509091,0.00226006,0.00283085,0.01499504,1375,
the death of edward.txt,and,0.01131419,0.00435306,0.00696112,0.00696112,1149,eal,0.00696258,0.00406614,0.00289644,0.00985756,1149,lde,0.00609225,0.00206058,0.00403167,0.01388924,1149,des,0.00522193,0.00198197,0.00323996,0.0171292,1149,ode,0.00522193,0.00226006,0.00296188,0.02009107,1149,
the descent into hell.txt,ond,0.00585366,0.00331933,0.00253432,0.00253432,5125,eal,0.00468293,0.00406614,0.00061679,0.00315112,5125,end,0.00429268,0.00237404,0.00191864,0.00506976,5125,des,0.00429268,0.00198197,0.00231071,0.00738047,5125,nde,0.00331707,0.00284177,0.0004753,0.00785577,5125,
the dream of the rood.txt,eal,0.00558406,0.00406614,0.00151793,0.00151793,6626,eor,0.0043767,0.00432457,5.213e-05,0.00157006,6626,ond,0.00422578,0.00331933,0.00090644,0.0024765,6626,eon,0.00407486,0.00307662,0.00099823,0.00347473,6626,ges,0.00377302,0.0024615,0.00131152,0.00478625,6626,
the fates of the apostles.txt,eor,0.00563645,0.00432457,0.00131188,0.00131188,4258,ond,0.00446219,0.00331933,0.00114285,0.00245474,4258,ege,0.00422734,0.0032309,0.00099644,0.00345118,4258,eon,0.00399248,0.00307662,0.00091586,0.00436704,4258,ges,0.00399248,0.0024615,0.00153099,0.00589803,4258,
the gifts of men.txt,sum,0.01207916,0.00057288,0.01150628,0.01150628,3891,bið,0.00642508,0.00040779,0.00601729,0.01752357,3891,umb,0.00642508,0.00045692,0.00596816,0.02349173,3891,mbi,0.00616808,0.00015231,0.00601577,0.0295075,3891,eor,0.00539707,0.00432457,0.0010725,0.03058001,3891,
the gloria i.txt,and,0.01836095,0.00435306,0.01400789,0.01400789,2233,eal,0.00895656,0.00406614,0.00489043,0.01889831,2233,est,0.00761308,0.00191122,0.00570186,0.02460017,2233,all,0.00537394,0.00137274,0.0040012,0.02860136,2233,lle,0.00492611,0.00147591,0.00345019,0.03205156,2233,
the gloria ii.txt,and,0.01680672,0.00435306,0.01245366,0.01245366,119,ere,0.01680672,0.0013865,0.01542023,0.02787389,119,nfæ,0.01680672,0.00020341,0.01660332,0.0444772,119,wul,0.00840336,0.00056403,0.00783933,0.05231653,119,uld,0.00840336,0.00088339,0.00751997,0.05983651,119,
the husband's message.txt,ond,0.00492881,0.00331933,0.00160947,0.00160947,1826,eon,0.00438116,0.00307662,0.00130454,0.00291401,1826,reo,0.00383352,0.00136979,0.00246373,0.00537773,1826,non,0.00383352,0.00122633,0.00260719,0.00798492,1826,nem,0.00383352,0.000905,0.00292851,0.01091344,1826,
the judgment day i.txt,eal,0.00487288,0.00406614,0.00080675,0.00080675,4720,eor,0.00487288,0.00432457,0.00054831,0.00135506,4720,nne,0.00487288,0.00276513,0.00210775,0.00346281,4720,þæt,0.00466102,0.00309922,0.00156179,0.0050246,4720,þon,0.00444915,0.00155747,0.00289168,0.00791628,4720,
the judgment day ii.txt,and,0.01098197,0.00435306,0.00662891,0.00662891,10927,eal,0.00466734,0.00406614,0.0006012,0.00723011,10927,ear,0.00439279,0.00363574,0.00075705,0.00798716,10927,þær,0.00411824,0.00112708,0.00299116,0.01097832,10927,man,0.00366066,0.00169701,0.00196365,0.01294197,10927,
the kentish hymn.txt,and,0.01053325,0.00435306,0.00618018,0.00618018,1519,ear,0.00658328,0.00363574,0.00294754,0.00912772,1519,age,0.00526662,0.00165475,0.00361187,0.01273959,1519,hal,0.00460829,0.00069865,0.00390964,0.01664923,1519,end,0.00460829,0.00237404,0.00223425,0.01888348,1519,
the leiden riddle.txt,rae,0.01094891,0.00012381,0.01082509,0.01082509,548,mec,0.00912409,0.00031051,0.00881358,0.01963867,548,aer,0.00729927,4.91e-06,0.00729436,0.02693303,548,æni,0.00729927,0.00033704,0.00696223,0.03389525,548,rum,0.00547445,0.00103471,0.00443974,0.03833499,548,
the lord's prayer i.txt,num,0.00669643,0.00133933,0.0053571,0.0053571,448,ear,0.00669643,0.00363574,0.00306069,0.00841779,448,eor,0.00669643,0.00432457,0.00237186,0.01078965,448,þin,0.00669643,0.00111627,0.00558016,0.01636981,448,end,0.00669643,0.00237404,0.00432239,0.02069219,448,
the lord's prayer ii.txt,and,0.01243414,0.00435306,0.00808108,0.00808108,4745,eal,0.00632244,0.00406614,0.00225631,0.01033739,4745,þin,0.0061117,0.00111627,0.00499543,0.01533281,4745,ear,0.00463646,0.00363574,0.00100072,0.01633353,4745,iht,0.00463646,0.00216769,0.00246877,0.0188023,4745,
the lord's prayer iii.txt,and,0.00573614,0.00435306,0.00138307,0.00138307,1569,iht,0.00509879,0.00216769,0.0029311,0.00431417,1569,nos,0.00446144,9.237e-05,0.00436907,0.00868325,1569,ear,0.00382409,0.00363574,0.00018835,0.0088716,1569,eor,0.00382409,0.00432457,0.00050048,0.00937207,1569,
the meters of boethius meter 1.txt,wæs,0.00620904,0.00134228,0.00486676,0.00486676,2899,ege,0.00482925,0.0032309,0.00159835,0.00646512,2899,nde,0.00482925,0.00284177,0.00198748,0.00845259,2899,ear,0.00379441,0.00363574,0.00015867,0.00861126,2899,and,0.00379441,0.00435306,0.00055865,0.00916991,2899,
the meters of boethius meter 10.txt,orð,0.00570265,0.00145331,0.00424933,0.00424933,2455,and,0.00488798,0.00435306,0.00053492,0.00478425,2455,for,0.00448065,0.00237109,0.00210956,0.00689381,2455,isa,0.00407332,0.00023485,0.00383847,0.01073228,2455,eor,0.00407332,0.00432457,0.00025125,0.01098353,2455,
the meters of boethius meter 11.txt,eal,0.00884956,0.00406614,0.00478342,0.00478342,3616,ges,0.00774336,0.0024615,0.00528187,0.01006529,3616,sce,0.00608407,0.00172256,0.00436152,0.0144268,3616,cea,0.00580752,0.00173238,0.00407514,0.01850195,3616,and,0.00580752,0.00435306,0.00145446,0.0199564,3616,
the meters of boethius meter 12.txt,ges,0.00913242,0.0024615,0.00667092,0.00667092,1095,and,0.00821918,0.00435306,0.00386611,0.01053704,1095,age,0.00547945,0.00165475,0.0038247,0.01436174,1095,ewi,0.00456621,0.00115951,0.0034067,0.01776844,1095,ere,0.00456621,0.0013865,0.00317971,0.02094816,1095,
the meters of boethius meter 13.txt,hio,0.00735552,0.00033704,0.00701847,0.00701847,2855,ehi,0.00595447,0.00130592,0.00464855,0.01166702,2855,eal,0.00525394,0.00406614,0.00118781,0.01285483,2855,þæt,0.00525394,0.00309922,0.00215472,0.01500954,2855,nde,0.00490368,0.00284177,0.0020619,0.01707144,2855,
the meters of boethius meter 14.txt,and,0.01278772,0.00435306,0.00843466,0.00843466,391,lde,0.00767263,0.00206058,0.00561205,0.01404671,391,dan,0.00767263,0.00181885,0.00585378,0.01990049,391,nde,0.00767263,0.00284177,0.00483086,0.02473135,391,hwæ,0.00511509,0.00072911,0.00438598,0.02911733,391,
the meters of boethius meter 15.txt,eah,0.01117318,0.00144349,0.0097297,0.0097297,537,ahh,0.00931099,0.00020439,0.0091066,0.0188363,537,hhi,0.00744879,0.00013659,0.0073122,0.0261485,537,cyn,0.00744879,0.00101703,0.00643176,0.03258026,537,ðea,0.00558659,0.0003449,0.00524169,0.03782195,537,
the meters of boethius meter 16.txt,eal,0.00882724,0.00406614,0.0047611,0.0047611,793,ald,0.00630517,0.0017255,0.00457967,0.00934077,793,est,0.00630517,0.00191122,0.00439395,0.01373472,793,his,0.00630517,0.00125286,0.00505231,0.01878703,793,þea,0.00630517,0.00066819,0.00563698,0.02442401,793,
the meters of boethius meter 17.txt,and,0.00879765,0.00435306,0.00444459,0.00444459,1023,nan,0.00879765,0.0015447,0.00725295,0.01169754,1023,eal,0.0058651,0.00406614,0.00179897,0.01349651,1023,rum,0.0058651,0.00103471,0.00483039,0.0183269,1023,mon,0.0058651,0.00133835,0.00452676,0.02285366,1023,
the meters of boethius meter 18.txt,eal,0.01355014,0.00406614,0.009484,0.009484,369,age,0.00813008,0.00165475,0.00647533,0.01595933,369,wil,0.00813008,0.00097969,0.0071504,0.02310972,369,ðan,0.00813008,0.00127447,0.00685561,0.02996533,369,eor,0.00813008,0.00432457,0.00380551,0.03377084,369,
the meters of boethius meter 19.txt,þæt,0.00783605,0.00309922,0.00473682,0.00473682,1659,sec,0.00602773,0.00065345,0.00537428,0.0101111,1659,eal,0.00542495,0.00406614,0.00135882,0.01146992,1659,and,0.00542495,0.00435306,0.00107189,0.01254181,1659,nne,0.00482218,0.00276513,0.00205705,0.01459886,1659,
the meters of boethius meter 2.txt,ege,0.00688705,0.0032309,0.00365616,0.00365616,726,sæl,0.00688705,0.00017687,0.00671018,0.01036633,726,eor,0.00688705,0.00432457,0.00256248,0.01292882,726,tic,0.00550964,0.00034589,0.00516376,0.01809257,726,gan,0.00550964,0.00158793,0.00392171,0.02201428,726,
the meters of boethius meter 20.txt,and,0.00642119,0.00435306,0.00206813,0.00206813,9967,eal,0.00541788,0.00406614,0.00135174,0.00341987,9967,ges,0.00531755,0.0024615,0.00285605,0.00627592,9967,orð,0.00471556,0.00145331,0.00326225,0.00953817,9967,est,0.00401324,0.00191122,0.00210202,0.01164019,9967,
the meters of boethius meter 21.txt,þæt,0.00665779,0.00309922,0.00355857,0.00355857,1502,eor,0.00599201,0.00432457,0.00166744,0.00522601,1502,ear,0.00532623,0.00363574,0.00169049,0.0069165,1502,des,0.00532623,0.00198197,0.00334426,0.01026076,1502,age,0.00532623,0.00165475,0.00367148,0.01393224,1502,
the meters of boethius meter 22.txt,and,0.00778032,0.00435306,0.00342726,0.00342726,2185,nes,0.00686499,0.00231705,0.00454794,0.0079752,2185,swa,0.00503432,0.00151424,0.00352009,0.01149528,2185,þæt,0.00503432,0.00309922,0.0019351,0.01343038,2185,ess,0.00503432,0.00062201,0.00441232,0.0178427,2185,
the meters of boethius meter 23.txt,one,0.01075269,0.00114477,0.00960792,0.00960792,372,tan,0.01075269,0.0018051,0.00894759,0.01855551,372,ges,0.00806452,0.0024615,0.00560302,0.02415853,372,mæg,0.00806452,0.00090599,0.00715853,0.03131706,372,ode,0.00806452,0.00226006,0.00580446,0.03712152,372,
the meters of boethius meter 24.txt,eor,0.00733945,0.00432457,0.00301488,0.00301488,2180,ðan,0.0059633,0.00127447,0.00468883,0.00770371,2180,and,0.0059633,0.00435306,0.00161024,0.00931395,2180,fer,0.00504587,0.00130101,0.00374487,0.01305881,2180,mea,0.00504587,0.00079692,0.00424896,0.01730777,2180,
the meters of boethius meter 25.txt,and,0.00735595,0.00435306,0.00300288,0.00300288,2447,nne,0.00653862,0.00276513,0.00377349,0.00677637,2447,him,0.00490396,0.00166851,0.00323545,0.01001183,2447,geh,0.0044953,0.00138256,0.00311274,0.01312456,2447,ege,0.0044953,0.0032309,0.0012644,0.01438896,2447,
the meters of boethius meter 26.txt,þæt,0.00527373,0.00309922,0.00217451,0.00217451,3982,for,0.00426921,0.00237109,0.00189812,0.00407263,3982,don,0.00426921,0.00183359,0.00243562,0.00650824,3982,and,0.00401808,0.00435306,0.00033498,0.00684323,3982,onn,0.00376695,0.00142875,0.0023382,0.00918143,3982,
the meters of boethius meter 27.txt,þæt,0.00954033,0.00309922,0.00644111,0.00644111,1153,swa,0.00867303,0.00151424,0.00715879,0.01359989,1153,ege,0.00607112,0.0032309,0.00284022,0.01644012,1153,æth,0.00520382,0.00113101,0.00407281,0.02051292,1153,hwy,0.00433651,0.00042351,0.003913,0.02442592,1153,
the meters of boethius meter 28.txt,þæt,0.0072942,0.00309922,0.00419498,0.00419498,2879,eor,0.00521014,0.00432457,0.00088557,0.00508055,2879,und,0.00521014,0.00141106,0.00379908,0.00887963,2879,wun,0.00451546,0.00064166,0.0038738,0.01275343,2879,ymb,0.00451546,0.00045594,0.00405952,0.01681294,2879,
the meters of boethius meter 29.txt,and,0.00600781,0.00435306,0.00165475,0.00165475,3329,eor,0.00570742,0.00432457,0.00138285,0.0030376,3329,eal,0.00510664,0.00406614,0.0010405,0.0040781,3329,nan,0.00480625,0.0015447,0.00326155,0.00733965,3329,orð,0.00480625,0.00145331,0.00335293,0.01069258,3329,
the meters of boethius meter 3.txt,ehi,0.01015228,0.00130592,0.00884637,0.00884637,394,þon,0.00761421,0.00155747,0.00605674,0.01490311,394,nne,0.00761421,0.00276513,0.00484908,0.01975219,394,hit,0.00761421,0.0003056,0.00730861,0.0270608,394,oru,0.00761421,0.00059941,0.00701481,0.03407561,394,
the meters of boethius meter 30.txt,and,0.01098901,0.00435306,0.00663595,0.00663595,637,fta,0.01098901,0.00019947,0.01078954,0.01742548,637,esc,0.01098901,0.00108286,0.00990615,0.02733163,637,tan,0.00941915,0.0018051,0.00761406,0.03494569,637,ges,0.00941915,0.0024615,0.00695766,0.04190335,637,
the meters of boethius meter 31.txt,and,0.00824499,0.00435306,0.00389193,0.00389193,849,ume,0.00706714,0.00082639,0.00624074,0.01013267,849,ðan,0.00706714,0.00127447,0.00579266,0.01592534,849,his,0.00588928,0.00125286,0.00463642,0.02056176,849,þæt,0.00588928,0.00309922,0.00279006,0.02335182,849,
the meters of boethius meter 4.txt,eor,0.00745156,0.00432457,0.003127,0.003127,2013,ran,0.00596125,0.00126367,0.00469759,0.00782458,2013,sce,0.00496771,0.00172256,0.00324515,0.01106974,2013,and,0.00447094,0.00435306,0.00011787,0.01118761,2013,eal,0.00447094,0.00406614,0.0004048,0.01159242,2013,
the meters of boethius meter 5.txt,for,0.00674433,0.00237109,0.00437324,0.00437324,1631,nan,0.00551809,0.0015447,0.00397339,0.00834662,1631,ege,0.00490497,0.0032309,0.00167407,0.01002069,1631,and,0.00429185,0.00435306,6.122e-05,0.01008191,1631,eor,0.00429185,0.00432457,3.272e-05,0.01011463,1631,
the meters of boethius meter 6.txt,nne,0.00793651,0.00276513,0.00517138,0.00517138,630,orð,0.00793651,0.00145331,0.00648319,0.01165457,630,and,0.00634921,0.00435306,0.00199614,0.01365072,630,onn,0.00634921,0.00142875,0.00492046,0.01857117,630,ost,0.00634921,0.00063282,0.00571639,0.02428756,630,
the meters of boethius meter 7.txt,wor,0.00481799,0.00143563,0.00338236,0.00338236,1868,eal,0.00428266,0.00406614,0.00021652,0.00359888,1868,ear,0.00428266,0.00363574,0.00064691,0.00424579,1868,oru,0.00428266,0.00059941,0.00368325,0.00792904,1868,rul,0.00428266,0.00044218,0.00384047,0.01176951,1868,
the meters of boethius meter 8.txt,eor,0.00677966,0.00432457,0.00245509,0.00245509,2065,nde,0.00532688,0.00284177,0.0024851,0.0049402,2065,neh,0.00435835,0.00096691,0.00339144,0.00833164,2065,eon,0.00387409,0.00307662,0.00079747,0.00912911,2065,orð,0.00387409,0.00145331,0.00242078,0.01154988,2065,
the meters of boethius meter 9.txt,and,0.00597701,0.00435306,0.00162395,0.00162395,2175,þæt,0.00505747,0.00309922,0.00195825,0.00358219,2175,his,0.0045977,0.00125286,0.00334484,0.00692704,2175,lde,0.00413793,0.00206058,0.00207735,0.00900439,2175,tan,0.00413793,0.0018051,0.00233283,0.01133722,2175,
the meters of boethius proem.txt,leo,0.00857143,0.00148869,0.00708274,0.00708274,350,ese,0.00857143,0.00155354,0.00701789,0.01410063,350,sæl,0.00571429,0.00017687,0.00553741,0.01963804,350,eal,0.00571429,0.00406614,0.00164815,0.02128619,350,spe,0.00571429,0.00024271,0.00547158,0.02675776,350,
the metrical epilogue to ms 41 corpus christi college cambridge.txt,ald,0.01038961,0.0017255,0.00866411,0.00866411,385,þæt,0.01038961,0.00309922,0.00729039,0.01595449,385,and,0.00779221,0.00435306,0.00343914,0.01939364,385,end,0.00779221,0.00237404,0.00541817,0.0248118,385,ice,0.00519481,0.00137176,0.00382305,0.02863485,385,
the metrical preface to waerferth's translation of gregory's dialogues.txt,and,0.00839552,0.00435306,0.00404246,0.00404246,1072,tan,0.00559701,0.0018051,0.00379192,0.00783438,1072,ehe,0.00466418,0.00162134,0.00304283,0.01087721,1072,ese,0.00466418,0.00155354,0.00311064,0.01398785,1072,þæt,0.00466418,0.00309922,0.00156495,0.0155528,1072,
the mologium.txt,iht,0.00700964,0.00216769,0.00484195,0.00484195,7989,and,0.00525723,0.00435306,0.00090416,0.00574611,7989,nih,0.00525723,0.00026138,0.00499585,0.01074196,7989,eal,0.00425585,0.00406614,0.00018972,0.01093168,7989,ear,0.00362999,0.00363574,5.75e-06,0.01093743,7989,
the order of the world.txt,ond,0.0061008,0.00331933,0.00278146,0.00278146,3770,ges,0.00503979,0.0024615,0.00257829,0.00535975,3770,for,0.00424403,0.00237109,0.00187294,0.00723269,3770,esc,0.00397878,0.00108286,0.00289592,0.01012861,3770,nde,0.00397878,0.00284177,0.00113701,0.01126562,3770,
the panther.txt,ond,0.00882917,0.00331933,0.00550984,0.00550984,2605,eor,0.00575816,0.00432457,0.00143359,0.00694343,2605,age,0.00422265,0.00165475,0.00256789,0.00951133,2605,ste,0.00422265,0.00166163,0.00256102,0.01207234,2605,est,0.00422265,0.00191122,0.00231143,0.01438377,2605,
the paris psalter psalm 100.txt,nes,0.00981461,0.00231705,0.00749756,0.00749756,917,and,0.0087241,0.00435306,0.00437104,0.0118686,917,eor,0.00763359,0.00432457,0.00330902,0.01517762,917,eic,0.00763359,0.00059449,0.00703909,0.02221672,917,lle,0.00654308,0.00147591,0.00506716,0.02728388,917,
the paris psalter psalm 101.txt,and,0.00965562,0.00435306,0.00530255,0.00530255,3107,ege,0.00611522,0.0032309,0.00288433,0.00818688,3107,lic,0.00579337,0.00145823,0.00433514,0.01252202,3107,eor,0.00579337,0.00432457,0.0014688,0.01399082,3107,ear,0.00547152,0.00363574,0.00183577,0.0158266,3107,
the paris psalter psalm 102.txt,eal,0.00887199,0.00406614,0.00480585,0.00480585,2367,and,0.00844951,0.00435306,0.00409645,0.0089023,2367,iht,0.00760456,0.00216769,0.00543687,0.01433918,2367,his,0.00718209,0.00125286,0.00592923,0.02026841,2367,eor,0.00591466,0.00432457,0.00159009,0.0218585,2367,
the paris psalter psalm 103.txt,eor,0.01097996,0.00432457,0.00665539,0.00665539,3643,and,0.00713698,0.00435306,0.00278391,0.00943931,3643,est,0.00548998,0.00191122,0.00357876,0.01301806,3643,eal,0.00548998,0.00406614,0.00142385,0.01444191,3643,lle,0.00466648,0.00147591,0.00319057,0.01763248,3643,
the paris psalter psalm 104.txt,and,0.0088785,0.00435306,0.00452544,0.00452544,4280,his,0.00560748,0.00125286,0.00435462,0.00888006,4280,eor,0.00560748,0.00432457,0.00128291,0.01016297,4280,ean,0.00537383,0.00188862,0.00348521,0.01364818,4280,heo,0.00443925,0.00176383,0.00267543,0.01632361,4280,
the paris psalter psalm 105.txt,and,0.01045151,0.00435306,0.00609844,0.00609844,4784,eal,0.00668896,0.00406614,0.00262283,0.00872127,4784,eor,0.00647993,0.00432457,0.00215537,0.01087663,4784,dan,0.00606187,0.00181885,0.00424302,0.01511965,4784,eon,0.00522575,0.00307662,0.00214913,0.01726878,4784,
the paris psalter psalm 106.txt,and,0.01122566,0.00435306,0.00687259,0.00687259,4365,ean,0.00595647,0.00188862,0.00406785,0.01094045,4365,eor,0.00572738,0.00432457,0.00140281,0.01234326,4365,ear,0.00504009,0.00363574,0.00140435,0.01374761,4365,dan,0.004811,0.00181885,0.00299214,0.01673975,4365,
the paris psalter psalm 107.txt,and,0.00793126,0.00435306,0.0035782,0.0035782,1513,ear,0.00594845,0.00363574,0.0023127,0.0058909,1513,iht,0.00528751,0.00216769,0.00311982,0.00901072,1513,nea,0.00528751,0.00118211,0.0041054,0.01311612,1513,dri,0.00462657,0.00100523,0.00362134,0.01673746,1513,
the paris psalter psalm 108.txt,and,0.01098566,0.00435306,0.00663259,0.00663259,3277,eal,0.00549283,0.00406614,0.00142669,0.00805929,3277,ehi,0.00549283,0.00130592,0.00418691,0.0122462,3277,eor,0.00518767,0.00432457,0.0008631,0.0131093,3277,his,0.00488251,0.00125286,0.00362966,0.01673896,3277,
the paris psalter psalm 109.txt,ege,0.01895735,0.0032309,0.01572645,0.01572645,211,orð,0.01895735,0.00145331,0.01750403,0.03323048,211,and,0.01421801,0.00435306,0.00986495,0.04309543,211,eor,0.01421801,0.00432457,0.00989344,0.05298887,211,ige,0.00947867,0.00155158,0.0079271,0.06091596,211,
the paris psalter psalm 110.txt,and,0.01469317,0.00435306,0.01034011,0.01034011,1157,eal,0.00864304,0.00406614,0.00457691,0.01491702,1157,his,0.00864304,0.00125286,0.00739019,0.0223072,1157,eor,0.00691443,0.00432457,0.00258987,0.02489707,1157,nes,0.00605013,0.00231705,0.00373308,0.02863015,1157,
the paris psalter psalm 111.txt,and,0.01041667,0.00435306,0.0060636,0.0060636,1152,his,0.0078125,0.00125286,0.00655964,0.01262325,1152,byð,0.00694444,7.861e-05,0.00686583,0.01948908,1152,nde,0.00607639,0.00284177,0.00323461,0.02272369,1152,deð,0.00607639,0.00043334,0.00564305,0.02836674,1152,
the paris psalter psalm 112.txt,ofe,0.00927152,0.00128627,0.00798526,0.00798526,755,and,0.00794702,0.00435306,0.00359396,0.01157921,755,gan,0.00662252,0.00158793,0.00503458,0.01661379,755,heo,0.00662252,0.00176383,0.00485869,0.02147248,755,ear,0.00662252,0.00363574,0.00298677,0.02445926,755,
the paris psalter psalm 113.txt,and,0.00795948,0.00435306,0.00360642,0.00360642,2764,eal,0.00506512,0.00406614,0.00099899,0.0046054,2764,ear,0.00434153,0.00363574,0.00070579,0.0053112,2764,for,0.00397974,0.00237109,0.00160865,0.00691984,2764,eor,0.00397974,0.00432457,0.00034483,0.00726467,2764,
the paris psalter psalm 114.txt,and,0.01172333,0.00435306,0.00737027,0.00737027,853,ine,0.010551,0.00140025,0.00915074,0.01652101,853,iht,0.00820633,0.00216769,0.00603864,0.02255965,853,min,0.00820633,0.00111529,0.00709104,0.02965069,853,des,0.00820633,0.00198197,0.00622436,0.03587505,853,
the paris psalter psalm 115.txt,and,0.00965517,0.00435306,0.00530211,0.00530211,725,dry,0.00827586,0.00055027,0.00772559,0.0130277,725,ryh,0.00827586,0.00055617,0.00771969,0.02074739,725,yht,0.00827586,0.00071241,0.00756345,0.02831084,725,eal,0.00689655,0.00406614,0.00283042,0.03114126,725,
the paris psalter psalm 116.txt,eal,0.00858369,0.00406614,0.00451756,0.00451756,233,all,0.00858369,0.00137274,0.00721095,0.01172851,233,edr,0.00858369,0.00068293,0.00790076,0.01962927,233,ehe,0.00858369,0.00162134,0.00696235,0.02659162,233,her,0.00858369,0.00072617,0.00785753,0.03444914,233,
the paris psalter psalm 117.txt,and,0.01071046,0.00435306,0.0063574,0.0063574,2801,yht,0.00821135,0.00071241,0.00749894,0.01385634,2801,dry,0.00749732,0.00055027,0.00694705,0.02080339,2801,ryh,0.00749732,0.00055617,0.00694115,0.02774454,2801,god,0.00714031,0.00145037,0.00568994,0.03343448,2801,
the paris psalter psalm 118.txt,þin,0.01024403,0.00111627,0.00912776,0.00912776,18645,and,0.00686511,0.00435306,0.00251205,0.01163981,18645,eal,0.00681148,0.00406614,0.00274534,0.01438515,18645,ine,0.00600697,0.00140025,0.00460672,0.01899187,18645,ege,0.00530973,0.0032309,0.00207884,0.02107071,18645,
the paris psalter psalm 119.txt,and,0.00719424,0.00435306,0.00284118,0.00284118,695,eal,0.00719424,0.00406614,0.00312811,0.00596929,695,min,0.00719424,0.00111529,0.00607896,0.01204825,695,ung,0.0057554,0.00054438,0.00521102,0.01725926,695,nga,0.0057554,0.0010583,0.0046971,0.02195636,695,
the paris psalter psalm 120.txt,eal,0.01136364,0.00406614,0.0072975,0.0072975,704,hea,0.00994318,0.00152505,0.00841814,0.01571564,704,ehe,0.00994318,0.00162134,0.00832184,0.02403747,704,ald,0.00994318,0.0017255,0.00821768,0.03225515,704,iht,0.00852273,0.00216769,0.00635504,0.03861019,704,
the paris psalter psalm 121.txt,and,0.009,0.00435306,0.00464694,0.00464694,1000,don,0.007,0.00183359,0.00516641,0.00981334,1000,num,0.006,0.00133933,0.00466067,0.01447401,1000,ndo,0.005,0.00076547,0.00423453,0.01870854,1000,ode,0.005,0.00226006,0.00273994,0.02144849,1000,
the paris psalter psalm 122.txt,and,0.01302932,0.00435306,0.00867625,0.00867625,614,iht,0.00814332,0.00216769,0.00597563,0.01465189,614,eag,0.00651466,0.00033213,0.00618253,0.02083441,614,aga,0.00651466,0.00039502,0.00611964,0.02695405,614,gan,0.00651466,0.00158793,0.00492672,0.03188078,614,
the paris psalter psalm 123.txt,eus,0.00667408,0.00015526,0.00651883,0.00651883,899,þæt,0.00667408,0.00309922,0.00357486,0.01009368,899,ang,0.00667408,0.0014995,0.00517458,0.01526827,899,and,0.00556174,0.00435306,0.00120867,0.01647694,899,dan,0.00556174,0.00181885,0.00374288,0.02021982,899,
the paris psalter psalm 124.txt,rih,0.01217656,0.0010583,0.01111826,0.01111826,657,iht,0.01217656,0.00216769,0.01000887,0.02112714,657,hte,0.00913242,0.00219324,0.00693918,0.02806632,657,dri,0.00761035,0.00100523,0.00660512,0.03467144,657,ten,0.00761035,0.00146805,0.0061423,0.04081373,657,
the paris psalter psalm 125.txt,eor,0.0094086,0.00432457,0.00508403,0.00508403,744,emi,0.0094086,0.00095119,0.00845741,0.01354145,744,iht,0.00806452,0.00216769,0.00589683,0.01943828,744,ean,0.00806452,0.00188862,0.0061759,0.02561417,744,hte,0.00672043,0.00219324,0.00452719,0.03014136,744,
the paris psalter psalm 126.txt,ear,0.00824176,0.00363574,0.00460602,0.00460602,728,eal,0.00686813,0.00406614,0.002802,0.00740801,728,and,0.00686813,0.00435306,0.00251507,0.00992308,728,iht,0.00549451,0.00216769,0.00332682,0.0132499,728,aðe,0.00549451,0.00053357,0.00496094,0.01821083,728,
the paris psalter psalm 127.txt,and,0.00947226,0.00435306,0.0051192,0.0051192,739,þin,0.00947226,0.00111627,0.00835599,0.01347518,739,nes,0.00811908,0.00231705,0.00580203,0.01927722,739,esw,0.00811908,0.00153389,0.00658519,0.02586241,739,ine,0.0067659,0.00140025,0.00536565,0.03122805,739,
the paris psalter psalm 128.txt,iht,0.00673401,0.00216769,0.00456632,0.00456632,891,and,0.00673401,0.00435306,0.00238094,0.00694726,891,ehe,0.00561167,0.00162134,0.00399033,0.01093759,891,don,0.00448934,0.00183359,0.00265574,0.01359333,891,geo,0.00448934,0.00108483,0.00340451,0.01699784,891,
the paris psalter psalm 129.txt,iht,0.01643489,0.00216769,0.0142672,0.0142672,791,rih,0.01264223,0.0010583,0.01158393,0.02585113,791,eal,0.01264223,0.00406614,0.00857609,0.03442722,791,dri,0.01011378,0.00100523,0.00910855,0.04353577,791,hte,0.01011378,0.00219324,0.00792054,0.05145631,791,
the paris psalter psalm 130.txt,min,0.0115942,0.00111529,0.01047891,0.01047891,345,ene,0.00869565,0.00169701,0.00699865,0.01747756,345,gen,0.00869565,0.00176972,0.00692593,0.02440349,345,ism,0.0057971,0.00026433,0.00553277,0.02993626,345,smi,0.0057971,0.0003508,0.0054463,0.03538256,345,
the paris psalter psalm 131.txt,ege,0.01040634,0.0032309,0.00717545,0.00717545,2018,and,0.00594648,0.00435306,0.00159342,0.00876886,2018,nes,0.00545094,0.00231705,0.00313389,0.01190276,2018,est,0.0049554,0.00191122,0.00304418,0.01494694,2018,num,0.00445986,0.00133933,0.00312053,0.01806747,2018,
the paris psalter psalm 132.txt,onh,0.00997506,0.0011713,0.00880376,0.00880376,401,nhi,0.0074813,0.00072322,0.00675808,0.01556184,401,ear,0.0074813,0.00363574,0.00384555,0.0194074,401,ard,0.0074813,0.00101703,0.00646427,0.02587167,401,nhe,0.0074813,0.00098853,0.00649277,0.03236444,401,
the paris psalter psalm 133.txt,ble,0.01129944,0.00027809,0.01102135,0.01102135,354,iht,0.01129944,0.00216769,0.00913175,0.0201531,354,hte,0.01129944,0.00219324,0.0091062,0.02925929,354,and,0.01129944,0.00435306,0.00694637,0.03620567,354,ebl,0.00847458,0.00028398,0.0081906,0.04439626,354,
the paris psalter psalm 134.txt,and,0.01259446,0.00435306,0.00824139,0.00824139,2382,iht,0.00881612,0.00216769,0.00664843,0.01488983,2382,eal,0.00671704,0.00406614,0.00265091,0.01754074,2382,dri,0.00629723,0.00100523,0.005292,0.02283273,2382,rih,0.00629723,0.0010583,0.00523893,0.02807167,2382,
the paris psalter psalm 135.txt,and,0.01316656,0.00435306,0.00881349,0.00881349,1519,eal,0.00987492,0.00406614,0.00580878,0.01462228,1519,eor,0.00658328,0.00432457,0.00225871,0.01688099,1519,iht,0.00526662,0.00216769,0.00309893,0.01997992,1519,heo,0.00526662,0.00176383,0.0035028,0.02348272,1519,
the paris psalter psalm 136.txt,one,0.00588813,0.00114477,0.00474336,0.00474336,1019,nga,0.00588813,0.0010583,0.00482983,0.00957319,1019,ear,0.00588813,0.00363574,0.00225238,0.01182557,1019,ege,0.00490677,0.0032309,0.00167587,0.01350145,1019,eor,0.00490677,0.00432457,0.0005822,0.01408365,1019,
the paris psalter psalm 137.txt,and,0.01008403,0.00435306,0.00573097,0.00573097,1190,þin,0.00840336,0.00111627,0.00728709,0.01301806,1190,eor,0.00756303,0.00432457,0.00323846,0.01625652,1190,nes,0.00756303,0.00231705,0.00524598,0.02150249,1190,ean,0.00588235,0.00188862,0.00399373,0.02549623,1190,
the paris psalter psalm 138.txt,and,0.00758123,0.00435306,0.00322816,0.00322816,2770,min,0.00649819,0.00111529,0.00538291,0.00861107,2770,hte,0.00541516,0.00219324,0.00322193,0.011833,2770,est,0.00505415,0.00191122,0.00314293,0.01497593,2770,iht,0.00505415,0.00216769,0.00288646,0.01786239,2770,
the paris psalter psalm 139.txt,and,0.00648203,0.00435306,0.00212896,0.00212896,1697,eal,0.00530348,0.00406614,0.00123734,0.0033663,1697,eor,0.00530348,0.00432457,0.00097891,0.00434521,1697,rih,0.0047142,0.0010583,0.00365591,0.00800112,1697,iht,0.0047142,0.00216769,0.00254651,0.01054763,1697,
the paris psalter psalm 140.txt,ene,0.00966543,0.00169701,0.00796842,0.00796842,1345,min,0.00669145,0.00111529,0.00557616,0.01354458,1345,ege,0.00520446,0.0032309,0.00197356,0.01551815,1345,emi,0.00520446,0.00095119,0.00425327,0.01977142,1345,and,0.00520446,0.00435306,0.0008514,0.02062281,1345,
the paris psalter psalm 141.txt,min,0.00981354,0.00111529,0.00869825,0.00869825,1019,nge,0.00785083,0.00261479,0.00523605,0.0139343,1019,eal,0.00785083,0.00406614,0.0037847,0.017719,1019,ine,0.00785083,0.00140025,0.00645058,0.02416958,1019,nes,0.00588813,0.00231705,0.00357108,0.02774066,1019,
the paris psalter psalm 142.txt,eor,0.00760043,0.00432457,0.00327587,0.00327587,1842,ine,0.00760043,0.00140025,0.00620018,0.00947605,1842,min,0.00705755,0.00111529,0.00594226,0.01541831,1842,and,0.00705755,0.00435306,0.00270448,0.01812279,1842,þin,0.00651466,0.00111627,0.00539839,0.02352118,1842,
the paris psalter psalm 143.txt,and,0.00880853,0.00435306,0.00445547,0.00445547,2157,iht,0.00602689,0.00216769,0.0038592,0.00831467,2157,est,0.00556328,0.00191122,0.00365206,0.01196673,2157,eor,0.00509968,0.00432457,0.00077511,0.01274184,2157,man,0.00463607,0.00169701,0.00293906,0.0156809,2157,
the paris psalter psalm 144.txt,and,0.01521382,0.00435306,0.01086075,0.01086075,2432,þin,0.00904605,0.00111627,0.00792978,0.01879053,2432,eal,0.00822368,0.00406614,0.00415755,0.02294808,2432,iht,0.00740132,0.00216769,0.00523363,0.02818171,2432,eor,0.00740132,0.00432457,0.00307675,0.03125846,2432,
the paris psalter psalm 145.txt,and,0.00897959,0.00435306,0.00462653,0.00462653,1225,hte,0.00816327,0.00219324,0.00597003,0.01059656,1225,iht,0.00734694,0.00216769,0.00517925,0.01577581,1225,eal,0.00734694,0.00406614,0.0032808,0.01905661,1225,dri,0.00653061,0.00100523,0.00552538,0.02458199,1225,
the paris psalter psalm 146.txt,and,0.01135371,0.00435306,0.00700065,0.00700065,1145,man,0.00873362,0.00169701,0.00703662,0.01403727,1145,ean,0.0069869,0.00188862,0.00509828,0.01913554,1145,eor,0.0069869,0.00432457,0.00266233,0.02179788,1145,iht,0.00611354,0.00216769,0.00394585,0.02574373,1145,
the paris psalter psalm 147.txt,and,0.00975081,0.00435306,0.00539775,0.00539775,923,ehi,0.00758397,0.00130592,0.00627805,0.01167579,923,his,0.00758397,0.00125286,0.00633111,0.0180069,923,nde,0.00650054,0.00284177,0.00365877,0.02166567,923,eor,0.00541712,0.00432457,0.00109255,0.02275822,923,
the paris psalter psalm 148.txt,and,0.01496599,0.00435306,0.01061292,0.01061292,1470,eal,0.0122449,0.00406614,0.00817876,0.01879169,1470,nhe,0.00816327,0.00098853,0.00717474,0.02596642,1470,ofe,0.00748299,0.00128627,0.00619673,0.03216315,1470,all,0.00748299,0.00137274,0.00611025,0.0382734,1470,
the paris psalter psalm 149.txt,and,0.01164144,0.00435306,0.00728838,0.00728838,859,nga,0.00698487,0.0010583,0.00592657,0.01321495,859,eor,0.00698487,0.00432457,0.0026603,0.01587525,859,ing,0.00582072,0.00160857,0.00421215,0.0200874,859,onh,0.00582072,0.0011713,0.00464942,0.02473682,859,
the paris psalter psalm 150.txt,her,0.02538071,0.00072617,0.02465454,0.02465454,197,eri,0.02538071,0.00051686,0.02486385,0.04951839,197,ria,0.02538071,0.00016017,0.02522054,0.07473893,197,iað,0.02538071,0.00027022,0.02511049,0.09984942,197,his,0.02030457,0.00125286,0.01905171,0.11890113,197,
the paris psalter psalm 51.txt,ege,0.00956938,0.0032309,0.00633848,0.00633848,418,and,0.00956938,0.00435306,0.00521631,0.01155479,418,eon,0.00717703,0.00307662,0.00410041,0.0156552,418,ean,0.00717703,0.00188862,0.00528841,0.02094362,418,nes,0.00717703,0.00231705,0.00485999,0.0258036,418,
the paris psalter psalm 52.txt,god,0.00873362,0.00145037,0.00728326,0.00728326,916,eal,0.00764192,0.00406614,0.00357579,0.01085904,916,iht,0.00655022,0.00216769,0.00438253,0.01524157,916,heo,0.00545852,0.00176383,0.00369469,0.01893626,916,eor,0.00545852,0.00432457,0.00113395,0.02007021,916,
the paris psalter psalm 53.txt,min,0.00936037,0.00111529,0.00824509,0.00824509,641,and,0.00936037,0.00435306,0.00500731,0.0132524,641,nge,0.00780031,0.00261479,0.00518553,0.01843792,641,neg,0.00624025,0.00097575,0.0052645,0.02370242,641,god,0.00624025,0.00145037,0.00478988,0.0284923,641,
the paris psalter psalm 54.txt,and,0.01050584,0.00435306,0.00615277,0.00615277,2570,ean,0.00544747,0.00188862,0.00355885,0.00971162,2570,eon,0.00505837,0.00307662,0.00198174,0.01169336,2570,for,0.00466926,0.00237109,0.00229817,0.01399153,2570,eor,0.00466926,0.00432457,0.00034469,0.01433623,2570,
the paris psalter psalm 55.txt,min,0.00915493,0.00111529,0.00803964,0.00803964,1420,eon,0.0084507,0.00307662,0.00537408,0.01341372,1420,iht,0.00633803,0.00216769,0.00417034,0.01758406,1420,eal,0.00633803,0.00406614,0.00227189,0.01985595,1420,ige,0.00633803,0.00155158,0.00478645,0.02464241,1420,
the paris psalter psalm 56.txt,and,0.00979706,0.00435306,0.005444,0.005444,1429,min,0.00629811,0.00111529,0.00518282,0.01062682,1429,heo,0.00629811,0.00176383,0.00453428,0.0151611,1429,ege,0.00559832,0.0032309,0.00236742,0.01752853,1429,eal,0.00559832,0.00406614,0.00153219,0.01906071,1429,
the paris psalter psalm 57.txt,ege,0.00668896,0.0032309,0.00345807,0.00345807,1196,heo,0.00585284,0.00176383,0.00408902,0.00754708,1196,eor,0.00585284,0.00432457,0.00152828,0.00907536,1196,and,0.00585284,0.00435306,0.00149978,0.01057514,1196,his,0.00501672,0.00125286,0.00376387,0.014339,1196,
the paris psalter psalm 58.txt,and,0.00781589,0.00435306,0.00346283,0.00346283,2303,iht,0.00651324,0.00216769,0.00434556,0.00780838,2303,ear,0.00651324,0.00363574,0.0028775,0.01068589,2303,eal,0.00564481,0.00406614,0.00157868,0.01226456,2303,nge,0.00521059,0.00261479,0.00259581,0.01486037,2303,
the paris psalter psalm 59.txt,and,0.00887813,0.00435306,0.00452506,0.00452506,1239,hte,0.00564972,0.00219324,0.00345648,0.00798154,1239,eal,0.00564972,0.00406614,0.00158358,0.00956513,1239,iht,0.00484262,0.00216769,0.00267493,0.01224005,1239,est,0.00484262,0.00191122,0.00293139,0.01517145,1239,
the paris psalter psalm 60.txt,ebe,0.00717703,0.00105928,0.00611776,0.00611776,836,min,0.00598086,0.00111529,0.00486557,0.01098333,836,num,0.00598086,0.00133933,0.00464153,0.01562486,836,eon,0.00598086,0.00307662,0.00290424,0.0185291,836,est,0.00598086,0.00191122,0.00406964,0.02259874,836,
the paris psalter psalm 61.txt,and,0.01188707,0.00435306,0.00753401,0.00753401,1346,min,0.00742942,0.00111529,0.00631413,0.01384814,1346,ear,0.00594354,0.00363574,0.00230779,0.01615594,1346,ege,0.00594354,0.0032309,0.00271264,0.01886857,1346,nes,0.00520059,0.00231705,0.00288355,0.02175212,1346,
the paris psalter psalm 62.txt,min,0.0096231,0.00111529,0.00850781,0.00850781,1247,and,0.0096231,0.00435306,0.00527003,0.01377784,1247,ege,0.0064154,0.0032309,0.0031845,0.01696234,1247,ðon,0.00481155,0.00083622,0.00397533,0.02093767,1247,don,0.00481155,0.00183359,0.00297795,0.02391562,1247,
the paris psalter psalm 63.txt,and,0.01092354,0.00435306,0.00657047,0.00657047,1007,eor,0.00893744,0.00432457,0.00461287,0.01118334,1007,iht,0.00695134,0.00216769,0.00478365,0.01596699,1007,man,0.00695134,0.00169701,0.00525433,0.02122133,1007,nan,0.00695134,0.0015447,0.00540664,0.02662797,1007,
the paris psalter psalm 64.txt,and,0.00878294,0.00435306,0.00442987,0.00442987,1594,eor,0.00815558,0.00432457,0.00383102,0.00826089,1594,orð,0.00564617,0.00145331,0.00419286,0.01245375,1594,æst,0.00501882,0.00132852,0.0036903,0.01614405,1594,god,0.00439147,0.00145037,0.0029411,0.01908515,1594,
the paris psalter psalm 65.txt,and,0.00758653,0.00435306,0.00323347,0.00323347,2109,eal,0.00711238,0.00406614,0.00304624,0.00627971,2109,eor,0.0056899,0.00432457,0.00136533,0.00764504,2109,iht,0.00521574,0.00216769,0.00304805,0.0106931,2109,ege,0.00521574,0.0032309,0.00198484,0.01267794,2109,
the paris psalter psalm 66.txt,and,0.02347418,0.00435306,0.01912111,0.01912111,639,ean,0.01251956,0.00188862,0.01063094,0.02975206,639,eal,0.01095462,0.00406614,0.00688848,0.03664054,639,ten,0.00938967,0.00146805,0.00792162,0.04456215,639,eor,0.00938967,0.00432457,0.0050651,0.04962726,639,
the paris psalter psalm 67.txt,and,0.00750976,0.00435306,0.0031567,0.0031567,3329,iht,0.00600781,0.00216769,0.00384012,0.00699682,3329,god,0.00540703,0.00145037,0.00395666,0.01095348,3329,eor,0.00540703,0.00432457,0.00108246,0.01203595,3329,eal,0.00510664,0.00406614,0.0010405,0.01307645,3329,
the paris psalter psalm 68.txt,and,0.00904977,0.00435306,0.00469671,0.00469671,3757,ear,0.00479106,0.00363574,0.00115531,0.00585202,3757,for,0.00452489,0.00237109,0.00215379,0.00800582,3757,eal,0.00452489,0.00406614,0.00045875,0.00846457,3757,iht,0.00452489,0.00216769,0.0023572,0.01082177,3757,
the paris psalter psalm 69.txt,iht,0.01219512,0.00216769,0.01002743,0.01002743,656,and,0.01219512,0.00435306,0.00784206,0.01786949,656,dri,0.00762195,0.00100523,0.00661672,0.02448621,656,rih,0.00762195,0.0010583,0.00656366,0.03104986,656,hte,0.00762195,0.00219324,0.00542871,0.03647858,656,
the paris psalter psalm 70.txt,and,0.00913242,0.00435306,0.00477936,0.00477936,2847,eal,0.0059712,0.00406614,0.00190506,0.00668442,2847,þin,0.00561995,0.00111627,0.00450368,0.0111881,2847,est,0.0052687,0.00191122,0.00335748,0.01454558,2847,end,0.00491746,0.00237404,0.00254342,0.017089,2847,
the paris psalter psalm 71.txt,eor,0.01000455,0.00432457,0.00567998,0.00567998,2199,eal,0.00864029,0.00406614,0.00457416,0.01025414,2199,and,0.00818554,0.00435306,0.00383247,0.01408661,2199,ear,0.00500227,0.00363574,0.00136653,0.01545314,2199,his,0.00454752,0.00125286,0.00329466,0.01874781,2199,
the paris psalter psalm 72.txt,and,0.00922367,0.00435306,0.00487061,0.00487061,2602,ean,0.00691776,0.00188862,0.00502914,0.00989975,2602,eor,0.00653344,0.00432457,0.00220887,0.01210861,2602,iht,0.00614912,0.00216769,0.00398143,0.01609004,2602,for,0.0057648,0.00237109,0.0033937,0.01948374,2602,
the paris psalter psalm 73.txt,and,0.00818076,0.00435306,0.00382769,0.00382769,2567,est,0.00662252,0.00191122,0.0047113,0.00853899,2567,þin,0.00662252,0.00111627,0.00550625,0.01404523,2567,eal,0.00467472,0.00406614,0.00060858,0.01465382,2567,eor,0.00428516,0.00432457,3.941e-05,0.01469323,2567,
the paris psalter psalm 74.txt,and,0.00868726,0.00435306,0.00433419,0.00433419,1036,ege,0.00868726,0.0032309,0.00545636,0.00979056,1036,nne,0.00675676,0.00276513,0.00399163,0.01378218,1036,þon,0.00675676,0.00155747,0.00519928,0.01898147,1036,eal,0.00579151,0.00406614,0.00172537,0.02070684,1036,
the paris psalter psalm 75.txt,and,0.01276596,0.00435306,0.00841289,0.00841289,1175,eor,0.00851064,0.00432457,0.00418607,0.01259896,1175,eal,0.00680851,0.00406614,0.00274238,0.01534134,1175,god,0.00510638,0.00145037,0.00365602,0.01899736,1175,heo,0.00510638,0.00176383,0.00334256,0.02233991,1175,
the paris psalter psalm 76.txt,and,0.00650976,0.00435306,0.0021567,0.0021567,1997,iht,0.00550826,0.00216769,0.00334057,0.00549727,1997,eor,0.00500751,0.00432457,0.00068294,0.00618022,1997,eal,0.00500751,0.00406614,0.00094138,0.00712159,1997,ann,0.00450676,0.00100622,0.00350054,0.01062214,1997,
the paris psalter psalm 77.txt,and,0.01089517,0.00435306,0.00654211,0.00654211,6792,eor,0.00647821,0.00432457,0.00215364,0.00869575,6792,heo,0.00544759,0.00176383,0.00368376,0.01237951,6792,dan,0.00485866,0.00181885,0.0030398,0.01541931,6792,nan,0.00471143,0.0015447,0.00316673,0.01858604,6792,
the paris psalter psalm 78.txt,and,0.00672372,0.00435306,0.00237065,0.00237065,1636,þin,0.00611247,0.00111627,0.0049962,0.00736685,1636,ear,0.00488998,0.00363574,0.00125423,0.00862108,1636,eal,0.00427873,0.00406614,0.00021259,0.00883368,1636,don,0.00427873,0.00183359,0.00244514,0.01127881,1636,
the paris psalter psalm 79.txt,and,0.01124799,0.00435306,0.00689493,0.00689493,1867,est,0.0085699,0.00191122,0.00665868,0.0135536,1867,eal,0.00803428,0.00406614,0.00396814,0.01752175,1867,ean,0.00642742,0.00188862,0.0045388,0.02206055,1867,eor,0.00589181,0.00432457,0.00156724,0.02362779,1867,
the paris psalter psalm 80.txt,rah,0.00626566,0.00040288,0.00586278,0.00586278,798,ahe,0.00626566,0.00066721,0.00559846,0.01146124,798,ehy,0.00626566,0.0005149,0.00575076,0.01721201,798,god,0.00626566,0.00145037,0.0048153,0.0220273,798,and,0.00626566,0.00435306,0.0019126,0.0239399,798,
the paris psalter psalm 81.txt,and,0.01147541,0.00435306,0.00712235,0.00712235,610,nge,0.00983607,0.00261479,0.00722128,0.01434363,610,ear,0.00983607,0.00363574,0.00620032,0.02054395,610,eal,0.00983607,0.00406614,0.00576993,0.02631388,610,dum,0.00655738,0.00134228,0.0052151,0.03152898,610,
the paris psalter psalm 82.txt,and,0.01131364,0.00435306,0.00696058,0.00696058,1591,eal,0.00754243,0.00406614,0.00347629,0.01043687,1591,eor,0.00565682,0.00432457,0.00133225,0.01176912,1591,all,0.00565682,0.00137274,0.00428408,0.0160532,1591,lle,0.00565682,0.00147591,0.0041809,0.0202341,1591,
the paris psalter psalm 83.txt,eor,0.00835073,0.00432457,0.00402616,0.00402616,1437,and,0.00765484,0.00435306,0.00330177,0.00732794,1437,iht,0.00695894,0.00216769,0.00479125,0.01211919,1437,hte,0.00626305,0.00219324,0.00406981,0.016189,1437,him,0.00626305,0.00166851,0.00459454,0.02078354,1437,
the paris psalter psalm 84.txt,and,0.00961538,0.00435306,0.00526232,0.00526232,1144,eor,0.00874126,0.00432457,0.00441669,0.00967901,1144,iht,0.00786713,0.00216769,0.00569944,0.01537846,1144,hte,0.00524476,0.00219324,0.00305152,0.01842997,1144,mod,0.00524476,0.00096986,0.0042749,0.02270487,1144,
the paris psalter psalm 85.txt,iht,0.01306165,0.00216769,0.01089396,0.01089396,1914,hte,0.00940439,0.00219324,0.00721115,0.01810511,1914,rih,0.00888192,0.0010583,0.00782363,0.02592874,1914,dri,0.00835946,0.00100523,0.00735422,0.03328296,1914,ten,0.00731452,0.00146805,0.00584647,0.03912944,1914,
the paris psalter psalm 86.txt,sta,0.00856164,0.001075,0.00748664,0.00748664,584,eal,0.00684932,0.00406614,0.00278318,0.01026982,584,and,0.00684932,0.00435306,0.00249625,0.01276607,584,ela,0.00513699,0.00083426,0.00430273,0.01706881,584,ige,0.00513699,0.00155158,0.00358541,0.02065421,584,
the paris psalter psalm 87.txt,and,0.00848806,0.00435306,0.004135,0.004135,1885,ege,0.00477454,0.0032309,0.00154364,0.00567864,1885,dea,0.00424403,0.00107304,0.003171,0.00884964,1885,nge,0.00424403,0.00261479,0.00162925,0.01047888,1885,min,0.00424403,0.00111529,0.00312874,0.01360762,1885,
the paris psalter psalm 88.txt,and,0.00879166,0.00435306,0.00443859,0.00443859,4891,nes,0.00838274,0.00231705,0.0060657,0.01050429,4891,eor,0.00511143,0.00432457,0.00078686,0.01129115,4891,þin,0.00490697,0.00111627,0.0037907,0.01508185,4891,ine,0.00490697,0.00140025,0.00350672,0.01858857,4891,
the paris psalter psalm 89.txt,and,0.00904331,0.00435306,0.00469025,0.00469025,2101,eor,0.00809139,0.00432457,0.00376682,0.00845707,2101,iht,0.00618753,0.00216769,0.00401984,0.01247691,2101,eal,0.00618753,0.00406614,0.00212139,0.0145983,2101,þin,0.0052356,0.00111627,0.00411933,0.01871763,2101,
the paris psalter psalm 90.txt,and,0.0078125,0.00435306,0.00345944,0.00345944,1536,eon,0.00716146,0.00307662,0.00408483,0.00754427,1536,ear,0.00585938,0.00363574,0.00222363,0.0097679,1536,ine,0.00520833,0.00140025,0.00380808,0.01357599,1536,dan,0.00390625,0.00181885,0.0020874,0.01566338,1536,
the paris psalter psalm 91.txt,and,0.01054018,0.00435306,0.00618712,0.00618712,1518,iht,0.00988142,0.00216769,0.00771373,0.01390086,1518,eor,0.0085639,0.00432457,0.00423933,0.01814019,1518,hte,0.00724638,0.00219324,0.00505314,0.02319333,1518,gen,0.00592885,0.00176972,0.00415913,0.02735246,1518,
the paris psalter psalm 92.txt,and,0.01065449,0.00435306,0.00630143,0.00630143,657,dri,0.00761035,0.00100523,0.00660512,0.01290654,657,rih,0.00761035,0.0010583,0.00655205,0.0194586,657,iht,0.00761035,0.00216769,0.00544266,0.02490126,657,hte,0.00761035,0.00219324,0.00541711,0.03031837,657,
the paris psalter psalm 93.txt,and,0.00968736,0.00435306,0.0053343,0.0053343,2271,iht,0.00924703,0.00216769,0.00707934,0.01241364,2271,eal,0.00748569,0.00406614,0.00341955,0.01583319,2271,rih,0.00704535,0.0010583,0.00598706,0.02182025,2271,hte,0.00572435,0.00219324,0.00353111,0.02535136,2271,
the paris psalter psalm 94.txt,and,0.0106296,0.00435306,0.00627654,0.00627654,1223,dri,0.00735895,0.00100523,0.00635372,0.01263026,1223,iht,0.00735895,0.00216769,0.00519127,0.01782152,1223,rih,0.00572363,0.0010583,0.00466533,0.02248686,1223,hte,0.00572363,0.00219324,0.00353039,0.02601725,1223,
the paris psalter psalm 95.txt,and,0.01151908,0.00435306,0.00716601,0.00716601,1389,eal,0.00935925,0.00406614,0.00529312,0.01245913,1389,rih,0.00863931,0.0010583,0.00758101,0.02004014,1389,iht,0.00863931,0.00216769,0.00647162,0.02651176,1389,dri,0.00791937,0.00100523,0.00691413,0.0334259,1389,
the paris psalter psalm 96.txt,dri,0.01639344,0.00100523,0.01538821,0.01538821,122,rih,0.01639344,0.0010583,0.01533515,0.03072336,122,iht,0.01639344,0.00216769,0.01422575,0.04494911,122,hte,0.01639344,0.00219324,0.01420021,0.05914932,122,ean,0.01639344,0.00188862,0.01450482,0.07365414,122,
the paris psalter psalm 97.txt,ean,0.01587302,0.00188862,0.0139844,0.0139844,252,and,0.01587302,0.00435306,0.01151995,0.02550435,252,eor,0.01190476,0.00432457,0.00758019,0.03308454,252,ndr,0.01190476,0.00076744,0.01113733,0.04422187,252,dri,0.01190476,0.00100523,0.01089953,0.0551214,252,
the paris psalter psalm 98.txt,and,0.01126516,0.00435306,0.0069121,0.0069121,1154,hte,0.00779896,0.00219324,0.00560572,0.01251782,1154,ndh,0.00693241,0.00097182,0.00596059,0.01847841,1154,dri,0.00606586,0.00100523,0.00506062,0.02353903,1154,rih,0.00606586,0.0010583,0.00500756,0.0285466,1154,
the paris psalter psalm 99.txt,and,0.0131291,0.00435306,0.00877604,0.00877604,457,eal,0.01094092,0.00406614,0.00687478,0.01565082,457,his,0.01094092,0.00125286,0.00968806,0.02533888,457,ean,0.00656455,0.00188862,0.00467593,0.03001482,457,iht,0.00656455,0.00216769,0.00439686,0.03441168,457,
the partridge.txt,swa,0.00766284,0.00151424,0.0061486,0.0061486,522,ear,0.00766284,0.00363574,0.00402709,0.01017569,522,age,0.00574713,0.00165475,0.00409237,0.01426806,522,eto,0.00574713,0.00081559,0.00493154,0.0191996,522,eor,0.00574713,0.00432457,0.00142256,0.02062216,522,
the phoenix.txt,ond,0.00594242,0.00331933,0.00262308,0.00262308,23896,nne,0.00460328,0.00276513,0.00183815,0.00446123,23896,eor,0.00443589,0.00432457,0.00011132,0.00457256,23896,nes,0.00364078,0.00231705,0.00132373,0.00589628,23896,ear,0.00326414,0.00363574,0.0003716,0.00626788,23896,
the riming poem.txt,ade,0.00478755,0.00058958,0.00419797,0.00419797,3342,nne,0.00388989,0.00276513,0.00112476,0.00532273,3342,ond,0.00359066,0.00331933,0.00027133,0.00559406,3342,wæs,0.00359066,0.00134228,0.00224839,0.00784245,3342,nge,0.00329144,0.00261479,0.00067666,0.0085191,3342,
the ruin.txt,eor,0.00865266,0.00432457,0.00432809,0.00432809,1618,tan,0.00556242,0.0018051,0.00375733,0.00808542,1618,eal,0.00494438,0.00406614,0.00087824,0.00896366,1618,bur,0.00432633,0.00025155,0.00407477,0.01303843,1618,ton,0.00432633,0.00107795,0.00324838,0.01628681,1618,
the rune poem.txt,and,0.00825228,0.00435306,0.00389922,0.00389922,3393,byþ,0.00736811,2.555e-05,0.00734256,0.01124178,3393,age,0.00501032,0.00165475,0.00335556,0.01459734,3393,eor,0.00501032,0.00432457,0.00068575,0.01528309,3393,ear,0.00442087,0.00363574,0.00078512,0.01606822,3393,
the seafarer.txt,eor,0.00512492,0.00432457,0.00080035,0.00080035,4683,ond,0.0044843,0.00331933,0.00116497,0.00196532,4683,ear,0.00427077,0.00363574,0.00063502,0.00260035,4683,eal,0.00384369,0.00406614,0.00022245,0.00282279,4683,þon,0.00384369,0.00155747,0.00228622,0.00510901,4683,
the seasons for fasting.txt,and,0.00752647,0.00435306,0.00317341,0.00317341,7839,ten,0.00420972,0.00146805,0.00274167,0.00591507,7839,ste,0.00408215,0.00166163,0.00242052,0.00833559,7839,þæt,0.00395459,0.00309922,0.00085536,0.00919096,7839,eal,0.00369945,0.00406614,0.00036668,0.00955764,7839,
the wanderer.txt,eor,0.00731429,0.00432457,0.00298972,0.00298972,4375,eal,0.00708571,0.00406614,0.00301958,0.0060093,4375,ond,0.00662857,0.00331933,0.00330924,0.00931853,4375,nne,0.00525714,0.00276513,0.00249201,0.01181055,4375,ear,0.00434286,0.00363574,0.00070712,0.01251766,4375,
the whale.txt,ond,0.00633122,0.00331933,0.00301189,0.00301189,3001,nne,0.00533156,0.00276513,0.00256643,0.00557832,3001,ste,0.00499833,0.00166163,0.0033367,0.00891502,3001,þæt,0.00466511,0.00309922,0.00156589,0.0104809,3001,þon,0.00466511,0.00155747,0.00310764,0.01358854,3001,
the wife's lament.txt,min,0.00616967,0.00111529,0.00505438,0.00505438,1945,ege,0.00616967,0.0032309,0.00293877,0.00799315,1945,ear,0.00565553,0.00363574,0.00201979,0.01001293,1945,ond,0.00514139,0.00331933,0.00182205,0.01183499,1945,reo,0.00462725,0.00136979,0.00325746,0.01509244,1945,
thureth.txt,ean,0.01015228,0.00188862,0.00826366,0.00826366,394,eal,0.00761421,0.00406614,0.00354808,0.01181174,394,eþu,0.00761421,0.00048739,0.00712683,0.01893857,394,ele,0.00761421,0.00093154,0.00668268,0.02562125,394,cea,0.00761421,0.00173238,0.00588183,0.03150308,394,
vainglory.txt,þæt,0.00497018,0.00309922,0.00187095,0.00187095,3018,ond,0.00463883,0.00331933,0.0013195,0.00319045,3018,ear,0.00397614,0.00363574,0.0003404,0.00353086,3018,des,0.0036448,0.00198197,0.00166283,0.00519368,3018,eon,0.0036448,0.00307662,0.00056817,0.00576186,3018,
waldere a.txt,gan,0.00718133,0.00158793,0.00559339,0.00559339,1114,eal,0.00628366,0.00406614,0.00221753,0.00781092,1114,ege,0.00448833,0.0032309,0.00125743,0.00906835,1114,eor,0.00448833,0.00432457,0.00016376,0.00923212,1114,ætð,0.00448833,0.0001641,0.00432423,0.01355635,1114,
waldere b.txt,and,0.008,0.00435306,0.00364694,0.00364694,1125,nde,0.00533333,0.00284177,0.00249156,0.00613849,1125,ege,0.00444444,0.0032309,0.00121355,0.00735204,1125,eðe,0.00444444,0.00049525,0.0039492,0.01130124,1125,lde,0.00444444,0.00206058,0.00238386,0.0136851,1125,
widsith.txt,ond,0.01634527,0.00331933,0.01302594,0.01302594,5445,mid,0.01046832,0.00137176,0.00909656,0.0221225,5445,ing,0.00789715,0.00160857,0.00628858,0.02841108,5445,ndm,0.00697888,0.00054438,0.0064345,0.03484559,5445,mon,0.00679522,0.00133835,0.00545688,0.04030246,5445,
wulf and eadwacer.txt,ine,0.00732064,0.00140025,0.00592039,0.00592039,683,wul,0.00732064,0.00056403,0.00675661,0.01267701,683,ulf,0.00732064,0.00011595,0.00720469,0.0198817,683,ege,0.00585652,0.0032309,0.00262562,0.02250732,683,wæs,0.00585652,0.00134228,0.00451424,0.02702156,683,
