name,ngram,textfreq,corpfreq,diff,diffsum,length, ngram,etc
a mother's fears.txt,ea,0.02195664,0.01641587,0.00554078,0.00554078,3598,on,0.01945525,0.01616333,0.00329192,0.0088327,3598,um,0.01806559,0.00870711,0.00935848,0.01819118,3598,eo,0.01750973,0.01481712,0.00269261,0.02088379,3598,an,0.01612007,0.01912302,0.00300295,0.02388674,3598,
a prayer.txt,ea,0.02142857,0.01641587,0.00501271,0.00501271,2800,an,0.01892857,0.01912302,0.00019445,0.00520715,2800,ge,0.01607143,0.01592455,0.00014688,0.00535403,2800,en,0.01571429,0.0103992,0.00531508,0.01066911,2800,nd,0.01571429,0.01238511,0.00332918,0.01399829,2800,
a proverb from winfrid's time.txt,it,0.04545455,0.00180706,0.04364748,0.04364748,66,si,0.03030303,0.00253421,0.02776882,0.0714163,66,th,0.03030303,0.0018503,0.02845273,0.09986904,66,of,0.01515152,0.00394429,0.01120723,0.11107626,66,ft,0.01515152,0.00184637,0.01330515,0.12438141,66,
a summons to prayer.txt,an,0.01611279,0.01912302,0.00301023,0.00301023,993,ne,0.01309164,0.01321248,0.00012084,0.00313107,993,um,0.01309164,0.00870711,0.00438453,0.0075156,993,de,0.01309164,0.01264649,0.00044516,0.00796076,993,nd,0.01208459,0.01238511,0.00030051,0.00826127,993,
aldhelm.txt,es,0.01926445,0.01329797,0.00596648,0.00596648,571,on,0.01926445,0.01616333,0.00310112,0.0090676,571,ea,0.01751313,0.01641587,0.00109727,0.01016486,571,us,0.01576182,0.00164493,0.01411689,0.02428176,571,se,0.01576182,0.0060825,0.00967932,0.03396108,571,
alms-giving.txt,or,0.01892744,0.01089642,0.00803103,0.00803103,317,ne,0.01892744,0.01321248,0.00571496,0.01374599,317,le,0.01577287,0.0069482,0.00882467,0.02257066,317,an,0.01577287,0.01912302,0.00335015,0.02592081,317,nd,0.01577287,0.01238511,0.00338777,0.02930858,317,
an exhortation to christian living.txt,an,0.0257123,0.01912302,0.00658928,0.00658928,2878,es,0.01911049,0.01329797,0.00581252,0.0124018,2878,nd,0.01494093,0.01238511,0.00255583,0.01495763,2878,ne,0.01389854,0.01321248,0.00068606,0.01564369,2878,ea,0.01389854,0.01641587,0.00251733,0.01816101,2878,
andreas.txt,eo,0.01640074,0.01481712,0.00158362,0.00158362,60668,ge,0.01608756,0.01592455,0.00016301,0.00174663,60668,an,0.01608756,0.01912302,0.00303546,0.00478209,60668,on,0.01585679,0.01616333,0.00030653,0.00508862,60668,ea,0.01246126,0.01641587,0.0039546,0.00904322,60668,
azarias.txt,on,0.02122365,0.01616333,0.00506032,0.00506032,6832,nd,0.01653981,0.01238511,0.00415471,0.00921503,6832,eo,0.01639344,0.01481712,0.00157632,0.01079135,6832,ge,0.01478337,0.01592455,0.00114118,0.01193253,6832,en,0.01331967,0.0103992,0.00292047,0.014853,6832,
bede's death song west saxon version.txt,þe,0.03067485,0.0047245,0.02595035,0.02595035,163,ne,0.02453988,0.01321248,0.01132739,0.03727774,163,on,0.02453988,0.01616333,0.00837655,0.04565429,163,eh,0.02453988,0.00609724,0.01844264,0.06409693,163,hi,0.02453988,0.00559806,0.01894182,0.08303875,163,
beowulf.txt,ea,0.01684201,0.01641587,0.00042614,0.00042614,111210,ge,0.01634745,0.01592455,0.0004229,0.00084905,111210,on,0.01571801,0.01616333,0.00044532,0.00129436,111210,an,0.01508857,0.01912302,0.00403445,0.00532881,111210,eo,0.01403651,0.01481712,0.00078061,0.00610943,111210,
caedmon's hymn west saxon version.txt,ea,0.02990033,0.01641587,0.01348447,0.01348447,301,eo,0.02325581,0.01481712,0.00843869,0.02192316,301,an,0.01993355,0.01912302,0.00081054,0.02273369,301,te,0.01993355,0.00758593,0.01234763,0.03508132,301,on,0.0166113,0.01616333,0.00044797,0.03552929,301,
christ a b c.txt,on,0.01889646,0.01616333,0.00273313,0.00273313,60170,ea,0.01567226,0.01641587,0.0007436,0.00347673,60170,ge,0.01553931,0.01592455,0.00038524,0.00386198,60170,eo,0.01538973,0.01481712,0.00057261,0.00443459,60170,an,0.01386073,0.01912302,0.00526229,0.00969688,60170,
christ and satan.txt,an,0.02142095,0.01912302,0.00229793,0.00229793,26236,eo,0.01501753,0.01481712,0.00020041,0.00249834,26236,on,0.01456015,0.01616333,0.00160318,0.00410152,26236,ea,0.0132261,0.01641587,0.00318976,0.00729129,26236,nd,0.01265437,0.01238511,0.00026926,0.00756055,26236,
daniel.txt,an,0.01947628,0.01912302,0.00035326,0.00035326,27572,ge,0.01468881,0.01592455,0.00123573,0.001589,27572,ea,0.01439867,0.01641587,0.0020172,0.0036062,27572,de,0.01385464,0.01264649,0.00120815,0.00481435,27572,on,0.01338314,0.01616333,0.00278019,0.00759453,27572,
deor.txt,eo,0.01896067,0.01481712,0.00414355,0.00414355,1424,de,0.01685393,0.01264649,0.00420745,0.008351,1424,ea,0.01615169,0.01641587,0.00026418,0.00861518,1424,on,0.01615169,0.01616333,1.164e-05,0.00862682,1424,eþ,0.01544944,0.00519518,0.01025426,0.01888108,1424,
durham.txt,ðe,0.02210663,0.00339107,0.01871557,0.01871557,769,ge,0.02210663,0.01592455,0.00618208,0.02489765,769,eo,0.01820546,0.01481712,0.00338834,0.02828599,769,nd,0.01560468,0.01238511,0.00321958,0.03150556,769,ea,0.01560468,0.01641587,0.00081118,0.03231675,769,
elene.txt,ge,0.01795494,0.01592455,0.00203039,0.00203039,46561,on,0.01700994,0.01616333,0.00084661,0.00287701,46561,an,0.01464745,0.01912302,0.00447557,0.00735257,46561,eo,0.01447563,0.01481712,0.00034149,0.00769406,46561,ea,0.01355211,0.01641587,0.00286375,0.01055781,46561,
exodus.txt,an,0.01587695,0.01912302,0.00324607,0.00324607,20155,ge,0.01562888,0.01592455,0.00029567,0.00354174,20155,on,0.01543041,0.01616333,0.00073292,0.00427465,20155,eo,0.01503349,0.01481712,0.00021637,0.00449102,20155,ea,0.0140908,0.01641587,0.00232507,0.00681609,20155,
fragments of psalms psalm 101.txt,me,0.0239521,0.00548407,0.01846802,0.01846802,167,mi,0.01796407,0.00399539,0.01396869,0.03243671,167,in,0.01796407,0.00691479,0.01104928,0.04348599,167,ne,0.01796407,0.01321248,0.00475159,0.04823758,167,en,0.01796407,0.0103992,0.00756487,0.05580245,167,
fragments of psalms psalm 102.txt,an,0.01900238,0.01912302,0.00012064,0.00012064,842,de,0.01900238,0.01264649,0.00635589,0.00647653,842,ne,0.01781473,0.01321248,0.00460224,0.01107878,842,in,0.01781473,0.00691479,0.01089994,0.02197872,842,ea,0.01662708,0.01641587,0.00021121,0.02218993,842,
fragments of psalms psalm 118.txt,an,0.01794872,0.01912302,0.0011743,0.0011743,390,tu,0.01538462,0.00158106,0.01380356,0.01497786,390,um,0.01538462,0.00870711,0.0066775,0.02165537,390,ne,0.01538462,0.01321248,0.00217213,0.0238275,390,ui,0.01282051,0.00026236,0.01255815,0.03638565,390,
fragments of psalms psalm 121.txt,um,0.03448276,0.00870711,0.02577565,0.02577565,145,in,0.02758621,0.00691479,0.02067142,0.04644707,145,tu,0.02758621,0.00158106,0.02600515,0.07245222,145,nu,0.02068966,0.00266588,0.01802377,0.09047599,145,et,0.02068966,0.00297836,0.01771129,0.10818728,145,
fragments of psalms psalm 139.txt,me,0.03076923,0.00548407,0.02528516,0.02528516,130,in,0.03076923,0.00691479,0.02385444,0.0491396,130,ne,0.03076923,0.01321248,0.01755675,0.06669635,130,er,0.02307692,0.00663081,0.01644612,0.08314246,130,em,0.02307692,0.0043737,0.01870322,0.10184569,130,
fragments of psalms psalm 140.txt,in,0.02793296,0.00691479,0.02101817,0.02101817,179,ne,0.02234637,0.01321248,0.00913389,0.03015206,179,re,0.02234637,0.00995112,0.01239524,0.0425473,179,tu,0.01675978,0.00158106,0.01517872,0.05772602,179,mi,0.01675978,0.00399539,0.01276439,0.07049041,179,
fragments of psalms psalm 19.txt,in,0.02298851,0.00691479,0.01607372,0.01607372,174,te,0.02298851,0.00758593,0.01540258,0.0314763,174,um,0.01724138,0.00870711,0.00853427,0.04001057,174,ge,0.01724138,0.01592455,0.00131683,0.0413274,174,ri,0.01724138,0.00395608,0.0132853,0.05461269,174,
fragments of psalms psalm 24.txt,mi,0.01831502,0.00399539,0.01431963,0.01431963,819,em,0.01831502,0.0043737,0.01394132,0.02826095,819,me,0.01831502,0.00548407,0.01283094,0.0410919,819,as,0.01709402,0.00468716,0.01240686,0.05349875,819,in,0.01709402,0.00691479,0.01017923,0.06367798,819,
fragments of psalms psalm 27.txt,um,0.01992032,0.00870711,0.01121321,0.01121321,251,et,0.01992032,0.00297836,0.01694196,0.02815517,251,al,0.01593625,0.00628001,0.00965625,0.03781141,251,in,0.01593625,0.00691479,0.00902147,0.04683288,251,do,0.01195219,0.00355615,0.00839604,0.05522892,251,
fragments of psalms psalm 32.txt,mi,0.02649007,0.00399539,0.02249468,0.02249468,151,er,0.02649007,0.00663081,0.01985926,0.04235394,151,we,0.02649007,0.00656497,0.0199251,0.06227904,151,in,0.01986755,0.00691479,0.01295276,0.0752318,151,ia,0.01324503,0.00106517,0.01217986,0.08741166,151,
fragments of psalms psalm 34.txt,me,0.02321083,0.00548407,0.01772676,0.01772676,517,nd,0.01934236,0.01238511,0.00695725,0.02468401,517,an,0.01547389,0.01912302,0.00364913,0.02833314,517,on,0.01547389,0.01616333,0.00068944,0.02902258,517,um,0.01547389,0.00870711,0.00676678,0.03578936,517,
fragments of psalms psalm 40.txt,ne,0.02512563,0.01321248,0.01191315,0.01191315,199,re,0.02512563,0.00995112,0.0151745,0.02708765,199,me,0.02512563,0.00548407,0.01964155,0.0467292,199,mi,0.0201005,0.00399539,0.01610512,0.06283432,199,em,0.0201005,0.0043737,0.0157268,0.07856112,199,
fragments of psalms psalm 43.txt,an,0.02762431,0.01912302,0.00850129,0.00850129,181,en,0.02762431,0.0103992,0.0172251,0.02572639,181,ne,0.02209945,0.01321248,0.00888696,0.03461336,181,ma,0.02209945,0.00335962,0.01873983,0.05335318,181,ed,0.01657459,0.00422532,0.01234926,0.06570245,181,
fragments of psalms psalm 5.txt,in,0.01726845,0.00691479,0.01035366,0.01035366,637,ge,0.01569859,0.01592455,0.00022596,0.01057962,637,or,0.01569859,0.01089642,0.00480217,0.01538179,637,de,0.01569859,0.01264649,0.0030521,0.01843389,637,ea,0.01412873,0.01641587,0.00228714,0.02072103,637,
fragments of psalms psalm 50.txt,re,0.01655629,0.00995112,0.00660517,0.00660517,906,me,0.01655629,0.00548407,0.01107222,0.01767738,906,in,0.01655629,0.00691479,0.0096415,0.02731889,906,ea,0.01655629,0.01641587,0.00014043,0.02745931,906,ne,0.01545254,0.01321248,0.00224006,0.02969937,906,
fragments of psalms psalm 53.txt,in,0.03164557,0.00691479,0.02473078,0.02473078,158,al,0.03164557,0.00628001,0.02536556,0.05009634,158,me,0.02531646,0.00548407,0.01983238,0.06992873,158,am,0.02531646,0.0034176,0.02189886,0.09182758,158,et,0.01898734,0.00297836,0.01600898,0.10783656,158,
fragments of psalms psalm 58.txt,me,0.03940887,0.00548407,0.03392479,0.03392479,406,er,0.01970443,0.00663081,0.01307363,0.04699842,406,em,0.01970443,0.0043737,0.01533073,0.06232915,406,in,0.01477833,0.00691479,0.00786354,0.07019269,406,ra,0.01477833,0.00548506,0.00929327,0.07948596,406,
fragments of psalms psalm 60.txt,in,0.03108808,0.00691479,0.02417329,0.02417329,193,de,0.02590674,0.01264649,0.01326025,0.03743354,193,ic,0.02072539,0.00469699,0.0160284,0.05346195,193,am,0.02072539,0.0034176,0.01730779,0.07076974,193,ge,0.02072539,0.01592455,0.00480084,0.07557058,193,
fragments of psalms psalm 64.txt,on,0.02150538,0.01616333,0.00534205,0.00534205,186,in,0.01612903,0.00691479,0.00921424,0.01455629,186,no,0.01612903,0.00241629,0.01371274,0.02826903,186,ar,0.01612903,0.00540743,0.0107216,0.03899063,186,te,0.01612903,0.00758593,0.00854311,0.04753374,186,
fragments of psalms psalm 69.txt,um,0.02808989,0.00870711,0.01938278,0.01938278,178,in,0.02247191,0.00691479,0.01555712,0.0349399,178,me,0.02247191,0.00548407,0.01698784,0.05192773,178,ea,0.02247191,0.01641587,0.00605604,0.05798378,178,de,0.01685393,0.01264649,0.00420745,0.06219123,178,
fragments of psalms psalm 70.txt,an,0.03070175,0.01912302,0.01157873,0.01157873,228,tu,0.02192982,0.00158106,0.02034877,0.0319275,228,in,0.02192982,0.00691479,0.01501504,0.04694254,228,ia,0.01754386,0.00106517,0.01647869,0.06342122,228,am,0.01754386,0.0034176,0.01412626,0.07754749,228,
fragments of psalms psalm 79.txt,us,0.02469136,0.00164493,0.02304643,0.02304643,162,ne,0.01851852,0.01321248,0.00530604,0.02835247,162,de,0.01851852,0.01264649,0.00587203,0.0342245,162,tu,0.01851852,0.00158106,0.01693746,0.05116196,162,te,0.01851852,0.00758593,0.01093259,0.06209455,162,
fragments of psalms psalm 84.txt,te,0.02857143,0.00758593,0.0209855,0.0209855,140,er,0.02142857,0.00663081,0.01479776,0.03578327,140,en,0.02142857,0.0103992,0.01102937,0.04681263,140,no,0.02142857,0.00241629,0.01901228,0.06582491,140,us,0.02142857,0.00164493,0.01978364,0.08560855,140,
fragments of psalms psalm 87.txt,et,0.02116402,0.00297836,0.01818566,0.01818566,189,te,0.02116402,0.00758593,0.01357809,0.03176376,189,ne,0.02116402,0.01321248,0.00795154,0.03971529,189,ec,0.02116402,0.00330066,0.01786336,0.05757865,189,ge,0.02116402,0.01592455,0.00523947,0.06281812,189,
fragments of psalms psalm 89.txt,er,0.02572899,0.00663081,0.01909818,0.01909818,583,um,0.01886792,0.00870711,0.01016081,0.02925899,583,os,0.01886792,0.0013865,0.01748143,0.04674042,583,es,0.01715266,0.01329797,0.00385469,0.05059511,583,ge,0.01715266,0.01592455,0.00122811,0.05182322,583,
genesis.txt,an,0.02055448,0.01912302,0.00143146,0.00143146,104892,ea,0.0159116,0.01641587,0.00050426,0.00193572,104892,eo,0.01396675,0.01481712,0.00085038,0.00278609,104892,on,0.0136426,0.01616333,0.00252073,0.00530682,104892,de,0.01283225,0.01264649,0.00018576,0.00549258,104892,
guthlac a b.txt,on,0.01853862,0.01616333,0.00237529,0.00237529,48817,ge,0.01651064,0.01592455,0.00058609,0.00296139,48817,eo,0.01540447,0.01481712,0.00058735,0.00354873,48817,an,0.01485138,0.01912302,0.00427164,0.00782037,48817,ea,0.01382715,0.01641587,0.00258872,0.01040909,48817,
homiletic fragment i.txt,an,0.01708359,0.01912302,0.00203943,0.00203943,1639,on,0.01586333,0.01616333,0.0003,0.00233943,1639,ne,0.01586333,0.01321248,0.00265085,0.00499028,1639,ge,0.01403295,0.01592455,0.0018916,0.00688188,1639,es,0.01342282,0.01329797,0.00012485,0.00700673,1639,
homiletic fragment ii.txt,eo,0.02745665,0.01481712,0.01263953,0.01263953,692,ge,0.0216763,0.01592455,0.00575175,0.01839128,692,an,0.01734104,0.01912302,0.00178198,0.02017326,692,on,0.01445087,0.01616333,0.00171246,0.02188572,692,re,0.01445087,0.00995112,0.00449974,0.02638546,692,
judith.txt,on,0.01887367,0.01616333,0.00271034,0.00271034,13140,an,0.01575342,0.01912302,0.0033696,0.00607993,13140,ea,0.01552511,0.01641587,0.00089075,0.00697069,13140,ge,0.01476408,0.01592455,0.00116047,0.00813116,13140,eo,0.01362253,0.01481712,0.0011946,0.00932575,13140,
juliana.txt,ge,0.01608443,0.01592455,0.00015988,0.00015988,25677,on,0.01522764,0.01616333,0.00093569,0.00109558,25677,an,0.01456556,0.01912302,0.00455746,0.00565303,25677,eo,0.01421506,0.01481712,0.00060207,0.0062551,25677,ea,0.01386455,0.01641587,0.00255132,0.00880642,25677,
latin-english proverbs.txt,it,0.02898551,0.00180706,0.02717845,0.02717845,207,að,0.02898551,0.00336847,0.02561704,0.05279549,207,es,0.02415459,0.01329797,0.01085662,0.0636521,207,sc,0.02415459,0.00328003,0.02087456,0.08452667,207,or,0.01932367,0.01089642,0.00842725,0.09295392,207,
maxims i.txt,on,0.01878149,0.01616333,0.00261816,0.00261816,8732,an,0.01752176,0.01912302,0.00160126,0.00421942,8732,ea,0.0171782,0.01641587,0.00076233,0.00498175,8732,ge,0.01626202,0.01592455,0.00033748,0.00531923,8732,eo,0.01603298,0.01481712,0.00121586,0.00653509,8732,
maxims ii.txt,ea,0.02830189,0.01641587,0.01188602,0.01188602,2756,an,0.0243106,0.01912302,0.00518758,0.0170736,2756,ce,0.01995646,0.00618862,0.01376784,0.03084143,2756,al,0.01886792,0.00628001,0.01258792,0.04342935,2756,sc,0.01777939,0.00328003,0.01449936,0.05792871,2756,
metrical charm 1 to restore farmland.txt,an,0.0348567,0.01912302,0.01573368,0.01573368,3873,nd,0.0232378,0.01238511,0.01085269,0.02658637,3873,on,0.01962303,0.01616333,0.0034597,0.03004608,3873,ne,0.01729925,0.01321248,0.00408677,0.03413285,3873,ea,0.01290989,0.01641587,0.00350598,0.03763882,3873,
metrical charm 10 for loss of cattle.txt,an,0.02424242,0.01912302,0.0051194,0.0051194,660,st,0.01969697,0.00704351,0.01265346,0.01777286,660,is,0.01818182,0.00390498,0.01427683,0.0320497,660,ri,0.01818182,0.00395608,0.01422574,0.04627543,660,on,0.01363636,0.01616333,0.00252697,0.0488024,660,
metrical charm 11 a journey charm.txt,an,0.02487245,0.01912302,0.00574943,0.00574943,1568,nd,0.02232143,0.01238511,0.00993632,0.01568575,1568,ge,0.01721939,0.01592455,0.00129484,0.01698059,1568,ea,0.01530612,0.01641587,0.00110974,0.01809033,1568,es,0.01530612,0.01329797,0.00200815,0.02009848,1568,
metrical charm 12 against a wen.txt,ne,0.02906977,0.01321248,0.01585728,0.01585728,516,ea,0.0251938,0.01641587,0.00877793,0.02463522,516,al,0.02325581,0.00628001,0.01697581,0.04161102,516,er,0.02131783,0.00663081,0.01468702,0.05629805,516,es,0.02131783,0.01329797,0.00801986,0.0643179,516,
metrical charm 2 the nine herbs charm.txt,an,0.02529915,0.01912302,0.00617613,0.00617613,2925,on,0.01709402,0.01616333,0.00093069,0.00710681,2925,wi,0.0157265,0.00518732,0.01053918,0.01764599,2925,nd,0.01435897,0.01238511,0.00197387,0.01961986,2925,eo,0.01401709,0.01481712,0.00080003,0.02041989,2925,
metrical charm 3 against a dwarf.txt,an,0.05034325,0.01912302,0.03122023,0.03122023,874,ma,0.01601831,0.00335962,0.01265868,0.04387891,874,on,0.01487414,0.01616333,0.00128919,0.0451681,874,þæ,0.01487414,0.00507039,0.00980376,0.05497186,874,ga,0.01372998,0.00365146,0.01007851,0.06505037,874,
metrical charm 4 to stop a stabbing pain.txt,an,0.0228013,0.01912302,0.00367828,0.00367828,1228,es,0.02035831,0.01329797,0.00706033,0.01073862,1228,te,0.01872964,0.00758593,0.01114372,0.02188233,1228,er,0.01547231,0.00663081,0.00884151,0.03072384,1228,en,0.01465798,0.0103992,0.00425878,0.03498261,1228,
metrical charm 5 for loss of cattle.txt,eþ,0.02644836,0.00519518,0.02125318,0.02125318,794,ri,0.02267003,0.00395608,0.01871394,0.03996713,794,on,0.02141058,0.01616333,0.00524725,0.04521438,794,st,0.02141058,0.00704351,0.01436707,0.05958144,794,ne,0.0163728,0.01321248,0.00316031,0.06274176,794,
metrical charm 6 charms for successful pregnancy.txt,an,0.03495007,0.01912302,0.01582705,0.01582705,1402,ne,0.0256776,0.01321248,0.01246512,0.02829217,1402,eþ,0.02068474,0.00519518,0.01548956,0.04378173,1402,on,0.01997147,0.01616333,0.00380814,0.04758987,1402,nn,0.0192582,0.00448375,0.01477445,0.06236432,1402,
metrical charm 7 for the water-elf disease.txt,ea,0.02519894,0.01641587,0.00878307,0.00878307,754,ne,0.02122016,0.01321248,0.00800768,0.01679075,754,an,0.02122016,0.01912302,0.00209714,0.01888789,754,on,0.01856764,0.01616333,0.00240431,0.0212922,754,nn,0.01458886,0.00448375,0.01010511,0.0313973,754,
metrical charm 8 for a swarm of bees.txt,an,0.04524887,0.01912302,0.02612585,0.02612585,442,wi,0.03167421,0.00518732,0.02648689,0.05261274,442,nd,0.03167421,0.01238511,0.0192891,0.07190184,442,eo,0.01809955,0.01481712,0.00328243,0.07518427,442,es,0.01809955,0.01329797,0.00480158,0.07998584,442,
metrical charm 9 for loss of cattle.txt,an,0.03069054,0.01912302,0.01156752,0.01156752,782,en,0.0230179,0.0103992,0.0126187,0.02418622,782,nd,0.01790281,0.01238511,0.00551771,0.02970392,782,ne,0.01662404,0.01321248,0.00341156,0.03311548,782,fe,0.01534527,0.0049505,0.01039476,0.04351025,782,
metrical epilogue to the pastoral care.txt,er,0.0166205,0.00663081,0.00998969,0.00998969,1083,ne,0.01385042,0.01321248,0.00063793,0.01062762,1083,æt,0.01292705,0.00499472,0.00793233,0.01855996,1083,we,0.01292705,0.00656497,0.00636208,0.02492204,1083,an,0.01200369,0.01912302,0.00711933,0.03204137,1083,
metrical preface to the pastoral care.txt,en,0.01808318,0.0103992,0.00768398,0.00768398,553,nd,0.01627486,0.01238511,0.00388976,0.01157374,553,or,0.01446655,0.01089642,0.00357013,0.01514387,553,is,0.01265823,0.00390498,0.00875324,0.02389711,553,st,0.01265823,0.00704351,0.00561471,0.02951183,553,
pharaoh.txt,es,0.02090592,0.01329797,0.00760795,0.00760795,287,þæ,0.01393728,0.00507039,0.0088669,0.01647485,287,ær,0.01393728,0.00357285,0.01036443,0.02683928,287,de,0.01393728,0.01264649,0.0012908,0.02813007,287,re,0.01393728,0.00995112,0.00398616,0.03211623,287,
precepts.txt,ge,0.01634082,0.01592455,0.00041627,0.00041627,3427,on,0.01575722,0.01616333,0.00040611,0.00082238,3427,eo,0.01517362,0.01481712,0.0003565,0.00117888,3427,ea,0.01342282,0.01641587,0.00299305,0.00417193,3427,de,0.01313102,0.01264649,0.00048453,0.00465646,3427,
psalm 50.txt,an,0.01949905,0.01912302,0.00037603,0.00037603,6308,ne,0.01299937,0.01321248,0.00021312,0.00058915,6308,de,0.01268231,0.01264649,3.582e-05,0.00062497,6308,ge,0.01252378,0.01592455,0.00340077,0.00402574,6308,ea,0.01220672,0.01641587,0.00420914,0.00823488,6308,
resignation.txt,on,0.02247941,0.01616333,0.00631608,0.00631608,4493,ge,0.01468952,0.01592455,0.00123503,0.00755112,4493,ea,0.01424438,0.01641587,0.00217149,0.0097226,4493,eo,0.01313154,0.01481712,0.00168558,0.01140819,4493,ne,0.01246383,0.01321248,0.00074865,0.01215684,4493,
riddle 1.txt,on,0.0198915,0.01616333,0.00372817,0.00372817,553,re,0.01808318,0.00995112,0.00813206,0.01186023,553,eþ,0.01446655,0.00519518,0.00927137,0.0211316,553,ea,0.01446655,0.01641587,0.00194932,0.02308092,553,as,0.01446655,0.00468716,0.00977939,0.0328603,553,
riddle 10.txt,nd,0.02094241,0.01238511,0.0085573,0.0085573,382,on,0.01832461,0.01616333,0.00216128,0.01071858,382,um,0.01832461,0.00870711,0.0096175,0.02033608,382,de,0.01570681,0.01264649,0.00306032,0.0233964,382,en,0.01570681,0.0103992,0.0053076,0.028704,382,
riddle 11.txt,eo,0.02083333,0.01481712,0.00601621,0.00601621,336,de,0.02083333,0.01264649,0.00818685,0.01420306,336,re,0.01785714,0.00995112,0.00790602,0.02210908,336,or,0.01488095,0.01089642,0.00398454,0.02609361,336,ge,0.01488095,0.01592455,0.0010436,0.02713721,336,
riddle 12.txt,um,0.0210325,0.00870711,0.01232539,0.01232539,523,eo,0.01912046,0.01481712,0.00430334,0.01662873,523,on,0.01720841,0.01616333,0.00104508,0.01767381,523,nd,0.01720841,0.01238511,0.00482331,0.02249712,523,me,0.01720841,0.00548407,0.01172434,0.03422146,523,
riddle 13.txt,on,0.02791878,0.01616333,0.01175545,0.01175545,394,ea,0.02030457,0.01641587,0.0038887,0.01564415,394,ge,0.0177665,0.01592455,0.00184195,0.0174861,394,an,0.01522843,0.01912302,0.00389459,0.0213807,394,ne,0.01522843,0.01321248,0.00201594,0.02339664,394,
riddle 14.txt,um,0.02877698,0.00870711,0.02006987,0.02006987,695,wi,0.02446043,0.00518732,0.01927311,0.03934298,695,il,0.01726619,0.00180411,0.01546207,0.05480505,695,on,0.01582734,0.01616333,0.00033599,0.05514104,695,hw,0.01582734,0.00215983,0.01366751,0.06880856,695,
riddle 15.txt,ea,0.02241715,0.01641587,0.00600129,0.00600129,1026,on,0.0165692,0.01616333,0.00040587,0.00640716,1026,an,0.01559454,0.01912302,0.00352848,0.00993564,1026,ne,0.01559454,0.01321248,0.00238206,0.0123177,1026,ic,0.01364522,0.00469699,0.00894824,0.02126594,1026,
riddle 16.txt,wi,0.02347418,0.00518732,0.01828686,0.01828686,426,an,0.02112676,0.01912302,0.00200374,0.0202906,426,on,0.02112676,0.01616333,0.00496343,0.02525403,426,ic,0.01877934,0.00469699,0.01408236,0.03933639,426,st,0.01877934,0.00704351,0.01173583,0.05107222,426,
riddle 17.txt,um,0.03149606,0.00870711,0.02278895,0.02278895,381,re,0.02099738,0.00995112,0.01104625,0.0338352,381,eo,0.0183727,0.01481712,0.00355558,0.03739079,381,or,0.0183727,0.01089642,0.00747629,0.04486707,381,in,0.01574803,0.00691479,0.00883324,0.05370032,381,
riddle 18.txt,ic,0.02941176,0.00469699,0.02471478,0.02471478,136,eo,0.02205882,0.01481712,0.0072417,0.03195648,136,on,0.02205882,0.01616333,0.00589549,0.03785197,136,ce,0.01470588,0.00618862,0.00851726,0.04636923,136,om,0.01470588,0.00210382,0.01260207,0.0589713,136,
riddle 19.txt,ne,0.02651515,0.01321248,0.01330267,0.01330267,264,on,0.02272727,0.01616333,0.00656394,0.01986661,264,er,0.01893939,0.00663081,0.01230859,0.0321752,264,es,0.01515152,0.01329797,0.00185354,0.03402874,264,de,0.01515152,0.01264649,0.00250503,0.03653377,264,
riddle 2.txt,ge,0.01919386,0.01592455,0.00326931,0.00326931,521,on,0.01919386,0.01616333,0.00303053,0.00629984,521,me,0.01727447,0.00548407,0.0117904,0.01809023,521,nd,0.01727447,0.01238511,0.00488937,0.0229796,521,eo,0.01535509,0.01481712,0.00053796,0.02351757,521,
riddle 20.txt,eo,0.01854714,0.01481712,0.00373002,0.00373002,1294,on,0.01545595,0.01616333,0.00070738,0.0044374,1294,ea,0.01545595,0.01641587,0.00095992,0.00539731,1294,me,0.01468315,0.00548407,0.00919908,0.01459639,1294,ic,0.01313756,0.00469699,0.00844057,0.02303696,1294,
riddle 21.txt,on,0.03321033,0.01616333,0.017047,0.017047,542,nd,0.02214022,0.01238511,0.00975512,0.02680212,542,we,0.01845018,0.00656497,0.01188521,0.03868733,542,ea,0.01845018,0.01641587,0.00203432,0.04072165,542,eo,0.01476015,0.01481712,5.697e-05,0.04077863,542,
riddle 22.txt,on,0.02282454,0.01616333,0.00666121,0.00666121,701,ne,0.0171184,0.01321248,0.00390592,0.01056713,701,de,0.0171184,0.01264649,0.00447192,0.01503904,701,eo,0.01569187,0.01481712,0.00087475,0.01591379,701,as,0.01569187,0.00468716,0.01100471,0.0269185,701,
riddle 23.txt,æt,0.02229846,0.00499472,0.01730373,0.01730373,583,ic,0.02058319,0.00469699,0.0158862,0.03318994,583,eo,0.01886792,0.01481712,0.0040508,0.03724074,583,on,0.01715266,0.01616333,0.00098933,0.03823007,583,ne,0.01715266,0.01321248,0.00394018,0.04217025,583,
riddle 24.txt,wi,0.02030457,0.00518732,0.01511725,0.01511725,394,ne,0.02030457,0.01321248,0.00709209,0.02220934,394,es,0.02030457,0.01329797,0.0070066,0.02921593,394,um,0.02030457,0.00870711,0.01159746,0.04081339,394,sw,0.02030457,0.00450537,0.0157992,0.05661259,394,
riddle 25.txt,on,0.02205882,0.01616333,0.00589549,0.00589549,408,eo,0.01715686,0.01481712,0.00233974,0.00823523,408,te,0.01715686,0.00758593,0.00957094,0.01780617,408,en,0.01715686,0.0103992,0.00675766,0.02456383,408,ea,0.01715686,0.01641587,0.000741,0.02530483,408,
riddle 26.txt,on,0.02222222,0.01616333,0.00605889,0.00605889,1035,nd,0.01835749,0.01238511,0.00597238,0.01203128,1035,ra,0.01545894,0.00548506,0.00997388,0.02200516,1035,re,0.01449275,0.00995112,0.00454163,0.02654679,1035,eo,0.01352657,0.01481712,0.00129055,0.02783734,1035,
riddle 27.txt,eo,0.02093398,0.01481712,0.00611686,0.00611686,621,on,0.02093398,0.01616333,0.00477065,0.0108875,621,ge,0.01932367,0.01592455,0.00339912,0.01428663,621,en,0.01771337,0.0103992,0.00731416,0.02160079,621,de,0.01610306,0.01264649,0.00345657,0.02505736,621,
riddle 28.txt,an,0.01923077,0.01912302,0.00010775,0.00010775,468,ed,0.01923077,0.00422532,0.01500545,0.0151132,468,en,0.01923077,0.0103992,0.00883156,0.02394476,468,nd,0.01709402,0.01238511,0.00470891,0.02865367,468,on,0.01709402,0.01616333,0.00093069,0.02958436,468,
riddle 29.txt,eo,0.018,0.01481712,0.00318288,0.00318288,500,an,0.018,0.01912302,0.00112302,0.0043059,500,um,0.016,0.00870711,0.00729289,0.01159879,500,on,0.016,0.01616333,0.00016333,0.01176212,500,or,0.014,0.01089642,0.00310358,0.0148657,500,
riddle 3.txt,ea,0.01611002,0.01641587,0.00030585,0.00030585,2545,on,0.01611002,0.01616333,5.331e-05,0.00035916,2545,st,0.01532417,0.00704351,0.00828065,0.00863981,2545,ge,0.01493124,0.01592455,0.00099331,0.00963312,2545,re,0.0129666,0.00995112,0.00301548,0.0126486,2545,
riddle 30.txt,on,0.02743902,0.01616333,0.0112757,0.0112757,328,nd,0.02439024,0.01238511,0.01200514,0.02328083,328,eg,0.0152439,0.00588695,0.00935695,0.03263778,328,ge,0.0152439,0.01592455,0.00068065,0.03331843,328,me,0.0152439,0.00548407,0.00975983,0.04307826,328,
riddle 30b.txt,on,0.02201258,0.01616333,0.00584925,0.00584925,318,nd,0.01886792,0.01238511,0.00648282,0.01233207,318,ge,0.01886792,0.01592455,0.00294338,0.01527544,318,eg,0.01572327,0.00588695,0.00983632,0.02511176,318,me,0.01572327,0.00548407,0.0102392,0.03535096,318,
riddle 31.txt,ge,0.02227433,0.01592455,0.00634978,0.00634978,853,on,0.01758499,0.01616333,0.00142166,0.00777144,853,um,0.01524033,0.00870711,0.00653322,0.01430466,853,eo,0.01524033,0.01481712,0.00042321,0.01472787,853,or,0.014068,0.01089642,0.00317158,0.01789944,853,
riddle 32.txt,an,0.02330097,0.01912302,0.00417795,0.00417795,515,ea,0.01941748,0.01641587,0.00300161,0.00717956,515,wi,0.01747573,0.00518732,0.01228841,0.01946797,515,ar,0.01553398,0.00540743,0.01012655,0.02959452,515,ge,0.01359223,0.01592455,0.00233232,0.03192684,515,
riddle 33.txt,ea,0.02240326,0.01641587,0.00598739,0.00598739,491,de,0.0203666,0.01264649,0.00772011,0.01370751,491,on,0.01832994,0.01616333,0.00216661,0.01587412,491,li,0.01425662,0.00402192,0.0102347,0.02610882,491,ce,0.01425662,0.00618862,0.008068,0.03417681,491,
riddle 34.txt,eð,0.02114804,0.00313165,0.01801639,0.01801639,331,on,0.02114804,0.01616333,0.00498471,0.02300109,331,eo,0.01812689,0.01481712,0.00330977,0.02631086,331,an,0.01812689,0.01912302,0.00099613,0.02730699,331,te,0.01510574,0.00758593,0.00751981,0.0348268,331,
riddle 35.txt,um,0.01883239,0.00870711,0.01012528,0.01012528,531,ne,0.01883239,0.01321248,0.00561991,0.01574519,531,me,0.01694915,0.00548407,0.01146508,0.02721027,531,ea,0.01694915,0.01641587,0.00053329,0.02774355,531,en,0.01318267,0.0103992,0.00278347,0.03052702,531,
riddle 36.txt,on,0.02832244,0.01616333,0.01215911,0.01215911,459,es,0.02178649,0.01329797,0.00848852,0.02064763,459,nd,0.01960784,0.01238511,0.00722274,0.02787037,459,ge,0.01525054,0.01592455,0.000674,0.02854437,459,we,0.01525054,0.00656497,0.00868557,0.03722995,459,
riddle 37.txt,es,0.01677852,0.01329797,0.00348055,0.00348055,298,hi,0.01677852,0.00559806,0.01118046,0.01466102,298,ge,0.01342282,0.01592455,0.00250173,0.01716275,298,ea,0.01342282,0.01641587,0.00299305,0.02015579,298,de,0.01342282,0.01264649,0.00077633,0.02093213,298,
riddle 38.txt,es,0.02788845,0.01329797,0.01459047,0.01459047,251,ge,0.02390438,0.01592455,0.00797983,0.02257031,251,eo,0.01992032,0.01481712,0.0051032,0.0276735,251,þe,0.01992032,0.0047245,0.01519582,0.04286932,251,de,0.01593625,0.01264649,0.00328977,0.04615909,251,
riddle 39.txt,ne,0.02293578,0.01321248,0.0097233,0.0097233,1090,ge,0.01651376,0.01592455,0.00058921,0.01031251,1090,an,0.01651376,0.01912302,0.00260926,0.01292177,1090,ea,0.0146789,0.01641587,0.00173697,0.01465873,1090,re,0.01284404,0.00995112,0.00289291,0.01755165,1090,
riddle 4.txt,ea,0.01857585,0.01641587,0.00215999,0.00215999,323,in,0.01857585,0.00691479,0.01166106,0.01382105,323,um,0.01857585,0.00870711,0.00986874,0.02368979,323,an,0.01857585,0.01912302,0.00054717,0.02423696,323,ne,0.01547988,0.01321248,0.00226739,0.02650435,323,
riddle 40.txt,on,0.02143048,0.01616333,0.00526716,0.00526716,3733,ea,0.01794803,0.01641587,0.00153217,0.00679932,3733,eo,0.01741227,0.01481712,0.00259515,0.00939447,3733,ic,0.01607286,0.00469699,0.01137588,0.02077035,3733,ne,0.0155371,0.01321248,0.00232462,0.02309496,3733,
riddle 41.txt,an,0.02739726,0.01912302,0.00827424,0.00827424,292,þæ,0.0239726,0.00507039,0.01890222,0.02717646,292,æs,0.02054795,0.0037851,0.01676284,0.0439393,292,st,0.01712329,0.00704351,0.01007977,0.05401908,292,ea,0.01712329,0.01641587,0.00070742,0.0547265,292,
riddle 42.txt,an,0.0261194,0.01912302,0.00699638,0.00699638,536,te,0.0130597,0.00758593,0.00547378,0.01247016,536,ga,0.0130597,0.00365146,0.00940824,0.0218784,536,ne,0.0130597,0.01321248,0.00015278,0.02203118,536,nd,0.01119403,0.01238511,0.00119108,0.02322225,536,
riddle 43.txt,ne,0.02209945,0.01321248,0.00888696,0.00888696,543,or,0.02025783,0.01089642,0.00936141,0.01824838,543,se,0.01657459,0.0060825,0.01049209,0.02874046,543,es,0.01473297,0.01329797,0.00143499,0.03017546,543,an,0.01289134,0.01912302,0.00623168,0.03640713,543,
riddle 44.txt,an,0.02521008,0.01912302,0.00608706,0.00608706,238,re,0.01680672,0.00995112,0.0068556,0.01294266,238,ea,0.01680672,0.01641587,0.00039086,0.01333352,238,de,0.01680672,0.01264649,0.00416024,0.01749376,238,ef,0.01680672,0.00439237,0.01241435,0.02990811,238,
riddle 45.txt,on,0.0295858,0.01616333,0.01342247,0.01342247,169,an,0.0295858,0.01912302,0.01046278,0.02388525,169,nd,0.0295858,0.01238511,0.01720069,0.04108594,169,in,0.02366864,0.00691479,0.01675385,0.05783979,169,le,0.01775148,0.0069482,0.01080328,0.06864307,169,
riddle 46.txt,on,0.02409639,0.01616333,0.00793306,0.00793306,249,nd,0.02409639,0.01238511,0.01171128,0.01964434,249,tw,0.02008032,0.00114378,0.01893654,0.03858087,249,we,0.01606426,0.00656497,0.00949929,0.04808016,249,in,0.01606426,0.00691479,0.00914947,0.05722963,249,
riddle 47.txt,st,0.02553191,0.00704351,0.0184884,0.0184884,235,æt,0.0212766,0.00499472,0.01628187,0.03477027,235,ew,0.01702128,0.00481195,0.01220932,0.0469796,235,or,0.01702128,0.01089642,0.00612486,0.05310446,235,þæ,0.01702128,0.00507039,0.01195089,0.06505535,235,
riddle 48.txt,ng,0.02439024,0.00633897,0.01805128,0.01805128,287,de,0.02439024,0.01264649,0.01174376,0.02979504,287,an,0.02439024,0.01912302,0.00526722,0.03506226,287,ge,0.0174216,0.01592455,0.00149705,0.03655931,287,or,0.0174216,0.01089642,0.00652519,0.0430845,287,
riddle 49.txt,nd,0.02144772,0.01238511,0.00906262,0.00906262,373,on,0.02144772,0.01616333,0.00528439,0.01434701,373,ne,0.01876676,0.01321248,0.00555427,0.01990128,373,an,0.01876676,0.01912302,0.00035626,0.02025754,373,um,0.01876676,0.00870711,0.01005965,0.03031719,373,
riddle 5.txt,ea,0.02202643,0.01641587,0.00561057,0.00561057,454,eo,0.01762115,0.01481712,0.00280402,0.00841459,454,ge,0.0154185,0.01592455,0.00050605,0.00892064,454,me,0.0154185,0.00548407,0.00993443,0.01885506,454,de,0.01321586,0.01264649,0.00056937,0.01942444,454,
riddle 50.txt,on,0.02840909,0.01616333,0.01224576,0.01224576,352,eo,0.02840909,0.01481712,0.01359197,0.02583773,352,ne,0.02272727,0.01321248,0.00951479,0.03535252,352,hi,0.02272727,0.00559806,0.01712921,0.05248173,352,te,0.01988636,0.00758593,0.01230044,0.06478217,352,
riddle 51.txt,ea,0.02521008,0.01641587,0.00879422,0.00879422,238,ew,0.01680672,0.00481195,0.01199477,0.02078899,238,te,0.01680672,0.00758593,0.0092208,0.03000978,238,we,0.01680672,0.00656497,0.01024175,0.04025154,238,er,0.01680672,0.00663081,0.01017592,0.05042745,238,
riddle 52.txt,ge,0.02403846,0.01592455,0.00811391,0.00811391,208,en,0.02403846,0.0103992,0.01363926,0.02175317,208,ng,0.01923077,0.00633897,0.0128918,0.03464497,208,et,0.01923077,0.00297836,0.01625241,0.05089738,208,um,0.01923077,0.00870711,0.01052366,0.06142104,208,
riddle 53.txt,um,0.02036199,0.00870711,0.01165488,0.01165488,442,ea,0.0158371,0.01641587,0.00057876,0.01223364,442,on,0.0158371,0.01616333,0.00032623,0.01255987,442,an,0.0158371,0.01912302,0.00328592,0.01584578,442,we,0.01357466,0.00656497,0.00700969,0.02285547,442,
riddle 54.txt,on,0.02398082,0.01616333,0.00781749,0.00781749,417,nd,0.02158273,0.01238511,0.00919763,0.01701511,417,an,0.01918465,0.01912302,6.163e-05,0.01707675,417,es,0.01678657,0.01329797,0.0034886,0.02056535,417,st,0.01678657,0.00704351,0.00974306,0.0303084,417,
riddle 55.txt,on,0.02154399,0.01616333,0.00538066,0.00538066,557,ea,0.01974865,0.01641587,0.00333279,0.00871344,557,nd,0.01974865,0.01238511,0.00736355,0.01607699,557,se,0.01795332,0.0060825,0.01187082,0.02794782,557,re,0.01436266,0.00995112,0.00441153,0.03235935,557,
riddle 56.txt,ge,0.01923077,0.01592455,0.00330622,0.00330622,416,ea,0.01923077,0.01641587,0.0028149,0.00612112,416,en,0.01923077,0.0103992,0.00883156,0.01495269,416,eo,0.01682692,0.01481712,0.0020098,0.01696249,416,on,0.01682692,0.01616333,0.00066359,0.01762608,416,
riddle 57.txt,es,0.02512563,0.01329797,0.01182766,0.01182766,199,eo,0.0201005,0.01481712,0.00528338,0.01711104,199,ea,0.0201005,0.01641587,0.00368464,0.02079567,199,sa,0.0201005,0.00237797,0.01772253,0.0385182,199,að,0.0201005,0.00336847,0.01673204,0.05525024,199,
riddle 58.txt,ne,0.0297619,0.01321248,0.01654942,0.01654942,504,an,0.01984127,0.01912302,0.00071825,0.01726767,504,re,0.01587302,0.00995112,0.00592189,0.02318956,504,eð,0.01388889,0.00313165,0.01075724,0.0339468,504,es,0.01388889,0.01329797,0.00059092,0.03453772,504,
riddle 59.txt,de,0.02188552,0.01264649,0.00923904,0.00923904,594,es,0.02020202,0.01329797,0.00690405,0.01614308,594,en,0.01851852,0.0103992,0.00811931,0.0242624,594,nd,0.01851852,0.01238511,0.00613341,0.03039581,594,ne,0.01683502,0.01321248,0.00362253,0.03401835,594,
riddle 6.txt,ic,0.02058824,0.00469699,0.01589125,0.01589125,340,te,0.01764706,0.00758593,0.01006113,0.02595238,340,eo,0.01764706,0.01481712,0.00282994,0.02878232,340,ne,0.01764706,0.01321248,0.00443458,0.0332169,340,re,0.01764706,0.00995112,0.00769593,0.04091283,340,
riddle 60.txt,es,0.01909722,0.01329797,0.00579925,0.00579925,576,ea,0.01736111,0.01641587,0.00094525,0.0067445,576,eo,0.01736111,0.01481712,0.00254399,0.00928848,576,on,0.015625,0.01616333,0.00053833,0.00982681,576,de,0.015625,0.01264649,0.00297851,0.01280533,576,
riddle 61.txt,ea,0.02605863,0.01641587,0.00964277,0.00964277,307,ne,0.0228013,0.01321248,0.00958882,0.01923159,307,eo,0.01954397,0.01481712,0.00472685,0.02395844,307,um,0.01628664,0.00870711,0.00757953,0.03153797,307,de,0.01628664,0.01264649,0.00364016,0.03517813,307,
riddle 62.txt,on,0.02564103,0.01616333,0.0094777,0.0094777,312,ar,0.01923077,0.00540743,0.01382334,0.02330104,312,es,0.01923077,0.01329797,0.0059328,0.02923383,312,ea,0.01602564,0.01641587,0.00039022,0.02962406,312,ne,0.01602564,0.01321248,0.00281316,0.03243722,312,
riddle 63.txt,on,0.01847575,0.01616333,0.00231242,0.00231242,433,eo,0.01385681,0.01481712,0.00096031,0.00327273,433,ic,0.01154734,0.00469699,0.00685036,0.01012309,433,me,0.01154734,0.00548407,0.00606327,0.01618636,433,ce,0.01154734,0.00618862,0.00535872,0.02154508,433,
riddle 64.txt,on,0.03482587,0.01616333,0.01866254,0.01866254,201,nd,0.02985075,0.01238511,0.01746564,0.03612818,201,fe,0.02487562,0.0049505,0.01992512,0.0560533,201,ea,0.0199005,0.01641587,0.00348463,0.05953793,201,ah,0.01492537,0.00353944,0.01138593,0.07092386,201,
riddle 65.txt,ic,0.03422053,0.00469699,0.02952355,0.02952355,263,cw,0.02281369,0.00127939,0.0215343,0.05105785,263,ec,0.01901141,0.00330066,0.01571074,0.06676859,263,me,0.01901141,0.00548407,0.01352733,0.08029592,263,on,0.01901141,0.01616333,0.00284808,0.083144,263,
riddle 66.txt,on,0.02972973,0.01616333,0.0135664,0.0135664,370,re,0.02162162,0.00995112,0.0116705,0.0252369,370,ne,0.02162162,0.01321248,0.00840914,0.03364604,370,es,0.02162162,0.01329797,0.00832365,0.04196969,370,ea,0.01891892,0.01641587,0.00250305,0.04447274,370,
riddle 67.txt,ge,0.02017937,0.01592455,0.00425482,0.00425482,446,eo,0.01569507,0.01481712,0.00087795,0.00513277,446,se,0.01345291,0.0060825,0.00737042,0.01250318,446,on,0.01121076,0.01616333,0.00495257,0.01745575,446,ce,0.01121076,0.00618862,0.00502214,0.02247789,446,
riddle 68.txt,ic,0.02898551,0.00469699,0.02428852,0.02428852,69,ge,0.02898551,0.01592455,0.01306096,0.03734948,69,we,0.02898551,0.00656497,0.02242054,0.05977002,69,eg,0.02898551,0.00588695,0.02309855,0.08286857,69,er,0.02898551,0.00663081,0.0223547,0.10522327,69,
riddle 69.txt,we,0.06818182,0.00656497,0.06161685,0.06161685,44,rw,0.04545455,0.00099148,0.04446307,0.10607992,44,ea,0.04545455,0.01641587,0.02903868,0.1351186,44,ar,0.04545455,0.00540743,0.04004712,0.17516571,44,rð,0.04545455,0.00208122,0.04337333,0.21853904,44,
riddle 7.txt,on,0.0221519,0.01616333,0.00598857,0.00598857,316,eo,0.0221519,0.01481712,0.00733478,0.01332335,316,ne,0.01898734,0.01321248,0.00577486,0.01909821,316,in,0.01582278,0.00691479,0.008908,0.0280062,316,wi,0.01582278,0.00518732,0.01063547,0.03864167,316,
riddle 70.txt,on,0.02597403,0.01616333,0.0098107,0.0098107,231,ge,0.02597403,0.01592455,0.01004948,0.01986017,231,es,0.02164502,0.01329797,0.00834705,0.02820722,231,or,0.02164502,0.01089642,0.0107486,0.03895583,231,is,0.01731602,0.00390498,0.01341103,0.05236686,231,
riddle 71.txt,te,0.01818182,0.00758593,0.01059589,0.01059589,330,st,0.01515152,0.00704351,0.008108,0.01870389,330,eo,0.01212121,0.01481712,0.00269591,0.0213998,330,ea,0.01212121,0.01641587,0.00429465,0.02569446,330,on,0.01212121,0.01616333,0.00404212,0.02973658,330,
riddle 72.txt,ea,0.0214425,0.01641587,0.00502663,0.00502663,513,de,0.0214425,0.01264649,0.00879601,0.01382264,513,on,0.01559454,0.01616333,0.00056879,0.01439143,513,or,0.01364522,0.01089642,0.00274881,0.01714023,513,me,0.01364522,0.00548407,0.00816115,0.02530138,513,
riddle 73.txt,on,0.02449889,0.01616333,0.00833556,0.00833556,898,an,0.01670379,0.01912302,0.00241923,0.01075479,898,eo,0.01447661,0.01481712,0.00034051,0.0110953,898,wi,0.01336303,0.00518732,0.00817571,0.01927101,898,ea,0.01224944,0.01641587,0.00416642,0.02343743,898,
riddle 74.txt,on,0.04022989,0.01616333,0.02406656,0.02406656,174,de,0.02873563,0.01264649,0.01608915,0.0401557,174,ea,0.02298851,0.01641587,0.00657264,0.04672834,174,nd,0.02298851,0.01238511,0.0106034,0.05733174,174,ic,0.01724138,0.00469699,0.01254439,0.06987614,174,
riddle 75.txt,sw,0.03846154,0.00450537,0.03395617,0.03395617,52,æg,0.03846154,0.00223844,0.0362231,0.07017927,52,ic,0.01923077,0.00469699,0.01453378,0.08471305,52,cs,0.01923077,0.00056501,0.01866576,0.10337881,52,wi,0.01923077,0.00518732,0.01404345,0.11742226,52,
riddle 76.txt,es,0.10714286,0.01329797,0.09384489,0.09384489,28,an,0.07142857,0.01912302,0.05230555,0.14615044,28,se,0.07142857,0.0060825,0.06534607,0.21149651,28,ic,0.03571429,0.00469699,0.0310173,0.24251381,28,ca,0.03571429,0.00183261,0.03388168,0.27639549,28,
riddle 77.txt,an,0.02150538,0.01912302,0.00238236,0.00238236,279,de,0.01792115,0.01264649,0.00527466,0.00765702,279,ea,0.01792115,0.01641587,0.00150528,0.0091623,279,eo,0.01792115,0.01481712,0.00310402,0.01226632,279,on,0.01792115,0.01616333,0.00175782,0.01402414,279,
riddle 78.txt,ic,0.01351351,0.00469699,0.00881653,0.00881653,148,fl,0.01351351,0.00072224,0.01279128,0.02160781,148,lo,0.01351351,0.00174516,0.01176836,0.03337616,148,ss,0.01351351,0.00209104,0.01142247,0.04479863,148,cy,0.01351351,0.00185619,0.01165732,0.05645595,148,
riddle 79.txt,ic,0.03125,0.00469699,0.02655301,0.02655301,32,ce,0.03125,0.00618862,0.02506138,0.05161439,32,eo,0.03125,0.01481712,0.01643288,0.06804727,32,om,0.03125,0.00210382,0.02914618,0.09719345,32,mæ,0.03125,0.00195839,0.02929161,0.12648507,32,
riddle 8.txt,en,0.025,0.0103992,0.0146008,0.0146008,360,um,0.02222222,0.00870711,0.01351511,0.02811591,360,ge,0.02222222,0.01592455,0.00629767,0.03441358,360,re,0.01944444,0.00995112,0.00949332,0.0439069,360,eo,0.01666667,0.01481712,0.00184954,0.04575645,360,
riddle 80.txt,ge,0.02564103,0.01592455,0.00971648,0.00971648,390,on,0.02051282,0.01616333,0.00434949,0.01406597,390,eo,0.01794872,0.01481712,0.0031316,0.01719756,390,es,0.01794872,0.01329797,0.00465075,0.02184831,390,ea,0.01794872,0.01641587,0.00153285,0.02338116,390,
riddle 81.txt,on,0.03140097,0.01616333,0.01523764,0.01523764,414,ea,0.02898551,0.01641587,0.01256964,0.02780728,414,nd,0.02657005,0.01238511,0.01418494,0.04199222,414,eo,0.02173913,0.01481712,0.00692201,0.04891423,414,ne,0.01690821,0.01321248,0.00369573,0.05260996,414,
riddle 82.txt,ge,0.03703704,0.01592455,0.02111249,0.02111249,108,wi,0.01851852,0.00518732,0.0133312,0.03444369,108,go,0.01851852,0.00284964,0.01566888,0.05011257,108,on,0.01851852,0.01616333,0.00235519,0.05246776,108,ng,0.01851852,0.00633897,0.01217955,0.06464731,108,
riddle 83.txt,ge,0.01724138,0.01592455,0.00131683,0.00131683,464,ea,0.01508621,0.01641587,0.00132966,0.00264649,464,ar,0.01508621,0.00540743,0.00967878,0.01232527,464,de,0.01293103,0.01264649,0.00028455,0.01260982,464,um,0.01293103,0.00870711,0.00422392,0.01683374,464,
riddle 84.txt,um,0.01684717,0.00870711,0.00814006,0.00814006,1662,ge,0.0156438,0.01592455,0.00028075,0.00842081,1662,or,0.01504212,0.01089642,0.0041457,0.01256651,1662,en,0.01444043,0.0103992,0.00404123,0.01660774,1662,ea,0.01383875,0.01641587,0.00257712,0.01918486,1662,
riddle 85.txt,wi,0.01879699,0.00518732,0.01360967,0.01360967,266,en,0.01879699,0.0103992,0.00839779,0.02200746,266,ic,0.01879699,0.00469699,0.01410001,0.03610747,266,ge,0.01503759,0.01592455,0.00088696,0.03699442,266,re,0.01503759,0.00995112,0.00508647,0.04208089,266,
riddle 86.txt,on,0.04845815,0.01616333,0.03229482,0.03229482,227,nd,0.03524229,0.01238511,0.02285719,0.05515201,227,ea,0.030837,0.01641587,0.01442114,0.06957314,227,an,0.02643172,0.01912302,0.0073087,0.07688184,227,eo,0.01762115,0.01481712,0.00280402,0.07968587,227,
riddle 87.txt,on,0.02521008,0.01616333,0.00904675,0.00904675,238,ic,0.0210084,0.00469699,0.01631142,0.02535817,238,de,0.0210084,0.01264649,0.00836192,0.03372009,238,eþ,0.0210084,0.00519518,0.01581322,0.04953331,238,ea,0.01260504,0.01641587,0.00381082,0.05334414,238,
riddle 88.txt,on,0.02165354,0.01616333,0.00549021,0.00549021,1016,ea,0.01673228,0.01641587,0.00031642,0.00580663,1016,an,0.01574803,0.01912302,0.00337499,0.00918162,1016,or,0.01279528,0.01089642,0.00189886,0.01108048,1016,es,0.01181102,0.01329797,0.00148695,0.01256743,1016,
riddle 89.txt,ew,0.01714286,0.00481195,0.0123309,0.0123309,175,an,0.01714286,0.01912302,0.00198016,0.01431107,175,um,0.01714286,0.00870711,0.00843575,0.02274681,175,se,0.01142857,0.0060825,0.00534607,0.02809289,175,wi,0.01142857,0.00518732,0.00624125,0.03433414,175,
riddle 9.txt,ea,0.02336449,0.01641587,0.00694862,0.00694862,428,eo,0.02336449,0.01481712,0.00854736,0.01549598,428,on,0.01635514,0.01616333,0.00019181,0.01568779,428,de,0.01635514,0.01264649,0.00370865,0.01939645,428,es,0.01635514,0.01329797,0.00305717,0.02245362,428,
riddle 91.txt,ea,0.02094241,0.01641587,0.00452654,0.00452654,382,in,0.01832461,0.00691479,0.01140982,0.01593636,382,re,0.01832461,0.00995112,0.00837348,0.02430985,382,an,0.01832461,0.01912302,0.00079841,0.02510826,382,de,0.01832461,0.01264649,0.00567812,0.03078638,382,
riddle 92.txt,on,0.02403846,0.01616333,0.00787513,0.00787513,208,ol,0.02403846,0.00314443,0.02089404,0.02876917,208,eo,0.01923077,0.01481712,0.00441365,0.03318282,208,ic,0.01442308,0.00469699,0.00972609,0.04290891,208,wæ,0.01442308,0.0035247,0.01089837,0.05380728,208,
riddle 93.txt,ea,0.02038835,0.01641587,0.00397248,0.00397248,1030,on,0.01747573,0.01616333,0.0013124,0.00528488,1030,de,0.01553398,0.01264649,0.00288749,0.00817238,1030,st,0.01262136,0.00704351,0.00557785,0.01375022,1030,nd,0.01165049,0.01238511,0.00073462,0.01448484,1030,
riddle 94.txt,eþ,0.04458599,0.00519518,0.03939081,0.03939081,157,on,0.03821656,0.01616333,0.02205323,0.06144404,157,re,0.03184713,0.00995112,0.02189601,0.08334005,157,þo,0.03184713,0.00186602,0.02998111,0.11332116,157,nn,0.03184713,0.00448375,0.02736338,0.14068454,157,
riddle 95.txt,nd,0.02380952,0.01238511,0.01142442,0.01142442,420,on,0.02142857,0.01616333,0.00526524,0.01668966,420,um,0.02142857,0.00870711,0.01272146,0.02941112,420,eo,0.01666667,0.01481712,0.00184954,0.03126067,420,re,0.01666667,0.00995112,0.00671554,0.03797621,420,
solomon and saturn.txt,an,0.01956608,0.01912302,0.00044306,0.00044306,20188,ge,0.01575193,0.01592455,0.00017262,0.00061568,20188,es,0.01451357,0.01329797,0.0012156,0.00183128,20188,on,0.01347335,0.01616333,0.00268998,0.00452126,20188,ne,0.01347335,0.01321248,0.00026087,0.00478212,20188,
soul and body i.txt,an,0.01912741,0.01912302,4.39e-06,4.39e-06,6326,on,0.0184951,0.01616333,0.00233177,0.00233616,6326,es,0.01485931,0.01329797,0.00156134,0.0038975,6326,ne,0.01391084,0.01321248,0.00069836,0.00459586,6326,ge,0.01248814,0.01592455,0.00343641,0.00803227,6326,
soul and body ii.txt,on,0.02305852,0.01616333,0.00689519,0.00689519,4597,an,0.01500979,0.01912302,0.00411323,0.01100842,4597,es,0.01479226,0.01329797,0.00149428,0.0125027,4597,ge,0.01457472,0.01592455,0.00134983,0.01385253,4597,ne,0.01283446,0.01321248,0.00037803,0.01423055,4597,
the battle of brunanburh.txt,an,0.02830941,0.01912302,0.00918639,0.00918639,2508,ea,0.01714514,0.01641587,0.00072927,0.00991566,2508,ge,0.01555024,0.01592455,0.00037431,0.01028997,2508,es,0.01555024,0.01329797,0.00225227,0.01254224,2508,eo,0.01315789,0.01481712,0.00165923,0.01420147,2508,
the battle of finnsburh.txt,an,0.0154355,0.01912302,0.00368752,0.00368752,1814,ea,0.01433297,0.01641587,0.0020829,0.00577042,1814,ne,0.01267916,0.01321248,0.00053332,0.00630374,1814,ge,0.01212789,0.01592455,0.00379666,0.01010039,1814,de,0.01157663,0.01264649,0.00106986,0.01117025,1814,
the battle of maldon.txt,an,0.0233966,0.01912302,0.00427358,0.00427358,12224,on,0.01537958,0.01616333,0.00078375,0.00505733,12224,ea,0.01505236,0.01641587,0.00136351,0.00642084,12224,eo,0.01497055,0.01481712,0.00015343,0.00657426,12224,ge,0.01374346,0.01592455,0.00218109,0.00875536,12224,
the brussels cross.txt,ro,0.02325581,0.00276709,0.02048872,0.02048872,172,ic,0.02325581,0.00469699,0.01855883,0.03904755,172,ri,0.02325581,0.00395608,0.01929973,0.05834728,172,od,0.01744186,0.0056639,0.01177796,0.07012525,172,de,0.01744186,0.01264649,0.00479537,0.07492062,172,
the capture of the five boroughs.txt,ea,0.02857143,0.01641587,0.01215556,0.01215556,420,ra,0.02619048,0.00548506,0.02070542,0.03286098,420,de,0.02380952,0.01264649,0.01116304,0.04402402,420,nd,0.02142857,0.01238511,0.00904347,0.05306749,420,or,0.02142857,0.01089642,0.01053215,0.06359964,420,
the coronation of edgar.txt,ge,0.02294197,0.01592455,0.00701742,0.00701742,741,ea,0.02024291,0.01641587,0.00382705,0.01084447,741,en,0.01889339,0.0103992,0.00849418,0.01933865,741,an,0.01754386,0.01912302,0.00157916,0.02091781,741,nd,0.01619433,0.01238511,0.00380923,0.02472704,741,
the creed.txt,an,0.02283707,0.01912302,0.00371405,0.00371405,2277,ne,0.01624945,0.01321248,0.00303697,0.00675102,2277,nd,0.01493193,0.01238511,0.00254682,0.00929784,2277,de,0.01405358,0.01264649,0.00140709,0.01070493,2277,ge,0.01405358,0.01592455,0.00187097,0.0125759,2277,
the death of alfred.txt,de,0.02645503,0.01264649,0.01380854,0.01380854,1134,an,0.02028219,0.01912302,0.00115917,0.01496771,1134,es,0.01763668,0.01329797,0.00433871,0.01930642,1134,hi,0.01675485,0.00559806,0.01115679,0.03046321,1134,ne,0.01499118,0.01321248,0.0017787,0.03224191,1134,
the death of edgar.txt,ea,0.01963636,0.01641587,0.0032205,0.0032205,1375,ge,0.01454545,0.01592455,0.00137909,0.00459959,1375,an,0.01454545,0.01912302,0.00457757,0.00917716,1375,de,0.01381818,0.01264649,0.0011717,0.01034885,1375,eo,0.01381818,0.01481712,0.00099894,0.01134779,1375,
the death of edward.txt,de,0.02262837,0.01264649,0.00998189,0.00998189,1149,ea,0.02001741,0.01641587,0.00360154,0.01358343,1149,an,0.01914708,0.01912302,2.406e-05,0.01360749,1149,eo,0.01653612,0.01481712,0.001719,0.01532649,1149,nd,0.0156658,0.01238511,0.00328069,0.01860718,1149,
the descent into hell.txt,on,0.01814634,0.01616333,0.00198301,0.00198301,5125,es,0.01385366,0.01329797,0.00055569,0.0025387,5125,ea,0.01385366,0.01641587,0.00256221,0.00510091,5125,an,0.01307317,0.01912302,0.00604985,0.01115076,5125,ge,0.01307317,0.01592455,0.00285138,0.01400213,5125,
the dream of the rood.txt,on,0.01886508,0.01616333,0.00270175,0.00270175,6626,an,0.01811047,0.01912302,0.00101255,0.00371429,6626,eo,0.01509206,0.01481712,0.00027494,0.00398923,6626,ea,0.01479022,0.01641587,0.00162565,0.00561488,6626,ge,0.01448838,0.01592455,0.00143617,0.00705105,6626,
the fates of the apostles.txt,an,0.01949272,0.01912302,0.0003697,0.0003697,4258,eo,0.01643964,0.01481712,0.00162252,0.00199222,4258,on,0.01620479,0.01616333,4.146e-05,0.00203368,4258,es,0.01596994,0.01329797,0.00267197,0.00470565,4258,ge,0.01550023,0.01592455,0.00042431,0.00512996,4258,
the gifts of men.txt,um,0.01978926,0.00870711,0.01108215,0.01108215,3891,on,0.01696222,0.01616333,0.00079889,0.01188104,3891,ge,0.01670522,0.01592455,0.00078067,0.01266171,3891,ea,0.01439219,0.01641587,0.00202368,0.01468538,3891,es,0.01336417,0.01329797,6.62e-05,0.01475159,3891,
the gloria i.txt,an,0.02866099,0.01912302,0.00953797,0.00953797,2233,nd,0.02463054,0.01238511,0.01224544,0.02178341,2233,es,0.01836095,0.01329797,0.00506298,0.02684639,2233,ea,0.01746529,0.01641587,0.00104943,0.02789582,2233,ge,0.01477833,0.01592455,0.00114622,0.02904204,2233,
the gloria ii.txt,an,0.03361345,0.01912302,0.01449043,0.01449043,119,er,0.02521008,0.00663081,0.01857928,0.0330697,119,nf,0.02521008,0.00194561,0.02326447,0.05633417,119,wu,0.01680672,0.00173828,0.01506845,0.07140262,119,ld,0.01680672,0.0052335,0.01157322,0.08297584,119,
the husband's message.txt,an,0.02081051,0.01912302,0.0016875,0.0016875,1826,on,0.02026287,0.01616333,0.00409954,0.00578704,1826,ge,0.01588171,0.01592455,4.284e-05,0.00582988,1826,eo,0.01478642,0.01481712,3.07e-05,0.00586058,1826,ne,0.01478642,0.01321248,0.00157394,0.00743452,1826,
the judgment day i.txt,on,0.0184322,0.01616333,0.00226887,0.00226887,4720,ge,0.01716102,0.01592455,0.00123647,0.00350534,4720,an,0.01483051,0.01912302,0.00429251,0.00779785,4720,ne,0.01461864,0.01321248,0.00140616,0.00920401,4720,ea,0.01419492,0.01641587,0.00222095,0.01142496,4720,
the judgment day ii.txt,an,0.02589915,0.01912302,0.00677613,0.00677613,10927,ea,0.0189439,0.01641587,0.00252803,0.00930416,10927,ne,0.01638144,0.01321248,0.00316896,0.01247312,10927,nd,0.01510021,0.01238511,0.0027151,0.01518823,10927,ge,0.01409353,0.01592455,0.00183102,0.01701925,10927,
the kentish hymn.txt,an,0.0283081,0.01912302,0.00918508,0.00918508,1519,es,0.01777485,0.01329797,0.00447688,0.01366196,1519,ea,0.01777485,0.01641587,0.00135899,0.01502094,1519,ge,0.01777485,0.01592455,0.0018503,0.01687125,1519,nd,0.01711652,0.01238511,0.00473142,0.02160266,1519,
the leiden riddle.txt,ae,0.02554745,0.00050311,0.02504434,0.02504434,548,me,0.01642336,0.00548407,0.01093928,0.03598362,548,ni,0.01642336,0.00297541,0.01344795,0.04943157,548,um,0.01459854,0.00870711,0.00589143,0.055323,548,er,0.01277372,0.00663081,0.00614292,0.06146591,548,
the lord's prayer i.txt,eo,0.01785714,0.01481712,0.00304002,0.00304002,448,re,0.015625,0.00995112,0.00567388,0.0087139,448,er,0.01339286,0.00663081,0.00676205,0.01547595,448,on,0.01339286,0.01616333,0.00277047,0.01824642,448,ea,0.01339286,0.01641587,0.00302301,0.02126943,448,
the lord's prayer ii.txt,an,0.0227608,0.01912302,0.00363778,0.00363778,4745,ea,0.01938883,0.01641587,0.00297296,0.00661075,4745,nd,0.01770285,0.01238511,0.00531774,0.01192848,4745,ge,0.0118019,0.01592455,0.00412265,0.01605114,4745,de,0.01116965,0.01264649,0.00147683,0.01752797,4745,
the lord's prayer iii.txt,an,0.01912046,0.01912302,2.56e-06,2.56e-06,1569,en,0.01274697,0.0103992,0.00234777,0.00235033,1569,de,0.01210962,0.01264649,0.00053686,0.00288719,1569,ge,0.01210962,0.01592455,0.00381493,0.00670212,1569,um,0.01147228,0.00870711,0.00276516,0.00946728,1569,
the meters of boethius meter 1.txt,ea,0.01690238,0.01641587,0.00048651,0.00048651,2899,ge,0.01655743,0.01592455,0.00063288,0.0011194,2899,an,0.01621249,0.01912302,0.00291053,0.00402993,2899,on,0.01586754,0.01616333,0.00029579,0.00432572,2899,ne,0.01172818,0.01321248,0.0014843,0.00581002,2899,
the meters of boethius meter 10.txt,an,0.02321792,0.01912302,0.0040949,0.0040949,2455,ne,0.01547862,0.01321248,0.00226613,0.00636104,2455,on,0.01466395,0.01616333,0.00149938,0.00786041,2455,or,0.01344196,0.01089642,0.00254554,0.01040595,2455,ge,0.01303462,0.01592455,0.00288993,0.01329588,2455,
the meters of boethius meter 11.txt,ea,0.02516593,0.01641587,0.00875006,0.00875006,3616,an,0.02074115,0.01912302,0.00161813,0.01036819,3616,ge,0.01935841,0.01592455,0.00343386,0.01380205,3616,es,0.01714602,0.01329797,0.00384805,0.0176501,3616,de,0.01272124,0.01264649,7.475e-05,0.01772485,3616,
the meters of boethius meter 12.txt,an,0.02100457,0.01912302,0.00188155,0.00188155,1095,es,0.01826484,0.01329797,0.00496687,0.00684841,1095,ge,0.01826484,0.01592455,0.00234029,0.00918871,1095,re,0.01461187,0.00995112,0.00466075,0.01384945,1095,on,0.01369863,0.01616333,0.0024647,0.01631415,1095,
the meters of boethius meter 13.txt,hi,0.01891419,0.00559806,0.01331613,0.01331613,2855,ge,0.01821366,0.01592455,0.00228911,0.01560524,2855,an,0.0178634,0.01912302,0.00125962,0.01686486,2855,ea,0.01751313,0.01641587,0.00109727,0.01796213,2855,de,0.01366025,0.01264649,0.00101376,0.01897589,2855,
the meters of boethius meter 14.txt,an,0.03069054,0.01912302,0.01156752,0.01156752,391,de,0.02046036,0.01264649,0.00781387,0.01938139,391,nd,0.02046036,0.01238511,0.00807525,0.02745664,391,er,0.01534527,0.00663081,0.00871446,0.0361711,391,on,0.01534527,0.01616333,0.00081806,0.03698916,391,
the meters of boethius meter 15.txt,ea,0.01862197,0.01641587,0.00220611,0.00220611,537,um,0.01862197,0.00870711,0.00991486,0.01212097,537,an,0.01675978,0.01912302,0.00236324,0.01448421,537,ge,0.01675978,0.01592455,0.00083523,0.01531944,537,hi,0.01489758,0.00559806,0.00929952,0.02461896,537,
the meters of boethius meter 16.txt,ea,0.02522068,0.01641587,0.00880481,0.00880481,793,an,0.02522068,0.01912302,0.00609766,0.01490248,793,es,0.02269861,0.01329797,0.00940064,0.02430312,793,wa,0.01387137,0.00304321,0.01082816,0.03513128,793,on,0.01387137,0.01616333,0.00229195,0.03742323,793,
the meters of boethius meter 17.txt,an,0.02541544,0.01912302,0.00629243,0.00629243,1023,ea,0.01759531,0.01641587,0.00117944,0.00747187,1023,on,0.01564027,0.01616333,0.00052306,0.00799492,1023,ne,0.01466276,0.01321248,0.00145027,0.0094452,1023,nd,0.01466276,0.01238511,0.00227765,0.01172285,1023,
the meters of boethius meter 18.txt,ea,0.02168022,0.01641587,0.00526435,0.00526435,369,an,0.01897019,0.01912302,0.00015283,0.00541718,369,ge,0.01626016,0.01592455,0.00033561,0.00575279,369,al,0.01355014,0.00628001,0.00727013,0.01302292,369,de,0.01355014,0.01264649,0.00090365,0.01392657,369,
the meters of boethius meter 19.txt,an,0.02531646,0.01912302,0.00619344,0.00619344,1659,ge,0.01928873,0.01592455,0.00336418,0.00955761,1659,ea,0.01808318,0.01641587,0.00166732,0.01122493,1659,ne,0.01506932,0.01321248,0.00185684,0.01308177,1659,on,0.01446655,0.01616333,0.00169678,0.01477855,1659,
the meters of boethius meter 2.txt,ge,0.01652893,0.01592455,0.00060438,0.00060438,726,an,0.01652893,0.01912302,0.00259409,0.00319847,726,eo,0.01515152,0.01481712,0.00033439,0.00353286,726,on,0.01515152,0.01616333,0.00101181,0.00454468,726,or,0.01515152,0.01089642,0.0042551,0.00879978,726,
the meters of boethius meter 20.txt,ea,0.01976523,0.01641587,0.00334936,0.00334936,9967,an,0.01896258,0.01912302,0.00016044,0.0035098,9967,es,0.01735728,0.01329797,0.00405931,0.00756911,9967,ge,0.01585231,0.01592455,7.224e-05,0.00764135,9967,ne,0.01173874,0.01321248,0.00147374,0.00911509,9967,
the meters of boethius meter 21.txt,es,0.02197071,0.01329797,0.00867273,0.00867273,1502,an,0.01797603,0.01912302,0.00114699,0.00981972,1502,ea,0.01531292,0.01641587,0.00110295,0.01092267,1502,ge,0.01464714,0.01592455,0.00127741,0.01220008,1502,ne,0.01331558,0.01321248,0.0001031,0.01230318,1502,
the meters of boethius meter 22.txt,an,0.02700229,0.01912302,0.00787927,0.00787927,2185,es,0.01830664,0.01329797,0.00500866,0.01288793,2185,ea,0.01601831,0.01641587,0.00039756,0.01328549,2185,ne,0.01601831,0.01321248,0.00280582,0.01609132,2185,ge,0.01372998,0.01592455,0.00219457,0.01828589,2185,
the meters of boethius meter 23.txt,es,0.03225806,0.01329797,0.01896009,0.01896009,372,on,0.02688172,0.01616333,0.01071839,0.02967848,372,an,0.02688172,0.01912302,0.0077587,0.03743718,372,ne,0.0188172,0.01321248,0.00560472,0.04304191,372,ge,0.0188172,0.01592455,0.00289265,0.04593456,372,
the meters of boethius meter 24.txt,an,0.02981651,0.01912302,0.01069349,0.01069349,2180,ea,0.01559633,0.01641587,0.00081954,0.01151303,2180,es,0.0146789,0.01329797,0.00138093,0.01289396,2180,er,0.01330275,0.00663081,0.00667195,0.0195659,2180,on,0.01284404,0.01616333,0.00331929,0.02288519,2180,
the meters of boethius meter 25.txt,an,0.0224765,0.01912302,0.00335348,0.00335348,2447,ge,0.01716387,0.01592455,0.00123932,0.00459281,2447,ne,0.01552922,0.01321248,0.00231674,0.00690954,2447,de,0.01552922,0.01264649,0.00288273,0.00979228,2447,nd,0.01266857,0.01238511,0.00028347,0.01007575,2447,
the meters of boethius meter 26.txt,on,0.01958815,0.01616333,0.00342482,0.00342482,3982,an,0.01632346,0.01912302,0.00279956,0.00622438,3982,es,0.01381215,0.01329797,0.00051418,0.00673856,3982,ge,0.0125565,0.01592455,0.00336805,0.01010661,3982,de,0.0125565,0.01264649,8.998e-05,0.01019659,3982,
the meters of boethius meter 27.txt,ge,0.02254987,0.01592455,0.00662532,0.00662532,1153,es,0.01474415,0.01329797,0.00144617,0.00807149,1153,an,0.01474415,0.01912302,0.00437887,0.01245037,1153,eo,0.01214224,0.01481712,0.00267488,0.01512525,1153,de,0.01214224,0.01264649,0.00050425,0.0156295,1153,
the meters of boethius meter 28.txt,ne,0.01667246,0.01321248,0.00345997,0.00345997,2879,an,0.01597777,0.01912302,0.00314525,0.00660522,2879,on,0.01319903,0.01616333,0.0029643,0.00956952,2879,ge,0.01250434,0.01592455,0.00342021,0.01298973,2879,or,0.012157,0.01089642,0.00126058,0.01425031,2879,
the meters of boethius meter 29.txt,an,0.02072695,0.01912302,0.00160393,0.00160393,3329,ge,0.01622109,0.01592455,0.00029654,0.00190046,3329,ne,0.01501953,0.01321248,0.00180704,0.00370751,3329,ea,0.01471913,0.01641587,0.00169673,0.00540424,3329,or,0.01441874,0.01089642,0.00352233,0.00892656,3329,
the meters of boethius meter 3.txt,or,0.02538071,0.01089642,0.01448429,0.01448429,394,on,0.0177665,0.01616333,0.00160317,0.01608746,394,de,0.0177665,0.01264649,0.00512001,0.02120747,394,um,0.01522843,0.00870711,0.00652132,0.02772879,394,an,0.01522843,0.01912302,0.00389459,0.03162338,394,
the meters of boethius meter 30.txt,an,0.0266876,0.01912302,0.00756458,0.00756458,637,ea,0.02197802,0.01641587,0.00556216,0.01312673,637,ge,0.02197802,0.01592455,0.00605347,0.01918021,637,eo,0.02040816,0.01481712,0.00559104,0.02477125,637,es,0.02040816,0.01329797,0.00711019,0.03188144,637,
the meters of boethius meter 31.txt,an,0.02826855,0.01912302,0.00914553,0.00914553,849,ge,0.0188457,0.01592455,0.00292115,0.01206668,849,um,0.01413428,0.00870711,0.00542717,0.01749385,849,eo,0.01413428,0.01481712,0.00068285,0.01817669,849,nd,0.01413428,0.01238511,0.00174917,0.01992586,849,
the meters of boethius meter 4.txt,an,0.02334824,0.01912302,0.00422522,0.00422522,2013,ea,0.01589667,0.01641587,0.00051919,0.00474441,2013,on,0.0153999,0.01616333,0.00076343,0.00550784,2013,eo,0.01341282,0.01481712,0.00140431,0.00691215,2013,um,0.01341282,0.00870711,0.00470571,0.01161785,2013,
the meters of boethius meter 5.txt,an,0.02513795,0.01912302,0.00601493,0.00601493,1631,ge,0.0177805,0.01592455,0.00185595,0.00787089,1631,or,0.01594114,0.01089642,0.00504472,0.01291561,1631,eo,0.01348866,0.01481712,0.00132846,0.01424407,1631,en,0.01287554,0.0103992,0.00247633,0.01672041,1631,
the meters of boethius meter 6.txt,an,0.02857143,0.01912302,0.00944841,0.00944841,630,st,0.02380952,0.00704351,0.01676601,0.02621442,630,ne,0.02063492,0.01321248,0.00742244,0.03363686,630,or,0.01904762,0.01089642,0.0081512,0.04178806,630,on,0.01904762,0.01616333,0.00288429,0.04467235,630,
the meters of boethius meter 7.txt,an,0.01980728,0.01912302,0.00068426,0.00068426,1868,ea,0.01713062,0.01641587,0.00071476,0.00139902,1868,on,0.01552463,0.01616333,0.0006387,0.00203772,1868,ne,0.01391863,0.01321248,0.00070615,0.00274387,1868,ge,0.0133833,0.01592455,0.00254125,0.00528512,1868,
the meters of boethius meter 8.txt,on,0.01840194,0.01616333,0.00223861,0.00223861,2065,an,0.01840194,0.01912302,0.00072108,0.00295969,2065,ne,0.01646489,0.01321248,0.00325241,0.0062121,2065,eo,0.01452785,0.01481712,0.00028928,0.00650138,2065,de,0.01307506,0.01264649,0.00042857,0.00692995,2065,
the meters of boethius meter 9.txt,an,0.02482759,0.01912302,0.00570457,0.00570457,2175,es,0.01747126,0.01329797,0.00417329,0.00987786,2175,ea,0.01701149,0.01641587,0.00059563,0.01047349,2175,de,0.01517241,0.01264649,0.00252593,0.01299942,2175,ne,0.01333333,0.01321248,0.00012085,0.01312027,2175,
the meters of boethius proem.txt,el,0.02,0.00543298,0.01456702,0.01456702,350,se,0.01714286,0.0060825,0.01106036,0.02562738,350,es,0.01714286,0.01329797,0.00384489,0.02947227,350,ec,0.01428571,0.00330066,0.01098505,0.04045732,350,le,0.01428571,0.0069482,0.00733752,0.04779483,350,
the metrical epilogue to ms 41 corpus christi college cambridge.txt,an,0.02077922,0.01912302,0.0016562,0.0016562,385,nd,0.01818182,0.01238511,0.00579671,0.00745291,385,ea,0.01558442,0.01641587,0.00083145,0.00828436,385,ri,0.01558442,0.00395608,0.01162834,0.0199127,385,ge,0.01558442,0.01592455,0.00034013,0.02025283,385,
the metrical preface to waerferth's translation of gregory's dialogues.txt,an,0.02052239,0.01912302,0.00139937,0.00139937,1072,ea,0.02052239,0.01641587,0.00410652,0.00550589,1072,es,0.01679104,0.01329797,0.00349307,0.00899896,1072,þe,0.01399254,0.0047245,0.00926804,0.018267,1072,ge,0.0130597,0.01592455,0.00286485,0.02113185,1072,
the mologium.txt,an,0.01827513,0.01912302,0.00084789,0.00084789,7989,ge,0.01652272,0.01592455,0.00059817,0.00144606,7989,ea,0.01426962,0.01641587,0.00214625,0.00359231,7989,eo,0.01314307,0.01481712,0.00167405,0.00526636,7989,on,0.01176618,0.01616333,0.00439715,0.00966351,7989,
the order of the world.txt,ge,0.01883289,0.01592455,0.00290834,0.00290834,3770,on,0.01830239,0.01616333,0.00213906,0.0050474,3770,es,0.0137931,0.01329797,0.00049513,0.00554253,3770,ea,0.0137931,0.01641587,0.00262276,0.00816529,3770,an,0.01352785,0.01912302,0.00559517,0.01376046,3770,
the panther.txt,on,0.01804223,0.01616333,0.0018789,0.0018789,2605,nd,0.0168906,0.01238511,0.00450549,0.00638439,2605,um,0.01612284,0.00870711,0.00741573,0.01380012,2605,ge,0.01535509,0.01592455,0.00056946,0.01436958,2605,es,0.01458733,0.01329797,0.00128936,0.01565894,2605,
the paris psalter psalm 100.txt,an,0.02399128,0.01912302,0.00486826,0.00486826,917,ne,0.02290076,0.01321248,0.00968828,0.01455654,917,ea,0.02290076,0.01641587,0.0064849,0.02104143,917,eo,0.01853871,0.01481712,0.00372159,0.02476303,917,ge,0.01417666,0.01592455,0.00174789,0.02651091,917,
the paris psalter psalm 101.txt,an,0.0251046,0.01912302,0.00598158,0.00598158,3107,ea,0.01802382,0.01641587,0.00160795,0.00758953,3107,ge,0.01738011,0.01592455,0.00145556,0.00904509,3107,nd,0.01480528,0.01238511,0.00242017,0.01146527,3107,or,0.01480528,0.01089642,0.00390886,0.01537413,3107,
the paris psalter psalm 102.txt,an,0.02450359,0.01912302,0.00538057,0.00538057,2367,ea,0.01901141,0.01641587,0.00259554,0.00797611,2367,de,0.01520913,0.01264649,0.00256264,0.01053875,2367,ne,0.01309675,0.01321248,0.00011574,0.01065449,2367,ge,0.0122518,0.01592455,0.00367275,0.01432724,2367,
the paris psalter psalm 103.txt,an,0.02360692,0.01912302,0.0044839,0.0044839,3643,eo,0.01894043,0.01481712,0.00412331,0.00860721,3643,ne,0.01592094,0.01321248,0.00270846,0.01131567,3643,or,0.01592094,0.01089642,0.00502453,0.0163402,3643,ea,0.01537195,0.01641587,0.00104392,0.01738412,3643,
the paris psalter psalm 104.txt,an,0.02897196,0.01912302,0.00984894,0.00984894,4280,ea,0.01915888,0.01641587,0.00274301,0.01259196,4280,eo,0.01775701,0.01481712,0.00293989,0.01553184,4280,ne,0.01542056,0.01321248,0.00220808,0.01773992,4280,nd,0.01331776,0.01238511,0.00093265,0.01867257,4280,
the paris psalter psalm 105.txt,an,0.02947324,0.01912302,0.01035022,0.01035022,4784,on,0.0173495,0.01616333,0.00118617,0.01153639,4784,nd,0.01714047,0.01238511,0.00475536,0.01629176,4784,eo,0.01630435,0.01481712,0.00148723,0.01777898,4784,ea,0.01546823,0.01641587,0.00094764,0.01872662,4784,
the paris psalter psalm 106.txt,an,0.02909507,0.01912302,0.00997205,0.00997205,4365,ea,0.02107675,0.01641587,0.00466088,0.01463294,4365,nd,0.01718213,0.01238511,0.00479702,0.01942996,4365,de,0.0137457,0.01264649,0.00109922,0.02052918,4365,hi,0.01328751,0.00559806,0.00768945,0.02821863,4365,
the paris psalter psalm 107.txt,an,0.01850628,0.01912302,0.00061674,0.00061674,1513,ea,0.01784534,0.01641587,0.00142947,0.00204622,1513,ge,0.0171844,0.01592455,0.00125985,0.00330607,1513,en,0.01520159,0.0103992,0.00480238,0.00810845,1513,es,0.01454065,0.01329797,0.00124268,0.00935113,1513,
the paris psalter psalm 108.txt,an,0.02868477,0.01912302,0.00956175,0.00956175,3277,ea,0.01800427,0.01641587,0.00158841,0.01115016,3277,nd,0.0149527,0.01238511,0.00256759,0.01371775,3277,ne,0.01464754,0.01321248,0.00143506,0.01515282,3277,ge,0.01434239,0.01592455,0.00158216,0.01673498,3277,
the paris psalter psalm 109.txt,ge,0.03317536,0.01592455,0.01725081,0.01725081,211,eo,0.03317536,0.01481712,0.01835823,0.03560904,211,an,0.02843602,0.01912302,0.009313,0.04492204,211,he,0.02369668,0.00678312,0.01691357,0.06183561,211,nd,0.02369668,0.01238511,0.01131158,0.07314718,211,
the paris psalter psalm 110.txt,an,0.03025065,0.01912302,0.01112763,0.01112763,1157,nd,0.01815039,0.01238511,0.00576528,0.01689291,1157,ge,0.01815039,0.01592455,0.00222584,0.01911875,1157,ea,0.01728608,0.01641587,0.00087022,0.01998897,1157,he,0.01296456,0.00678312,0.00618145,0.02617042,1157,
the paris psalter psalm 111.txt,an,0.01909722,0.01912302,2.58e-05,2.58e-05,1152,nd,0.01736111,0.01238511,0.00497601,0.0050018,1152,eo,0.01649306,0.01481712,0.00167593,0.00667774,1152,on,0.01388889,0.01616333,0.00227444,0.00895218,1152,ea,0.01302083,0.01641587,0.00339503,0.01234721,1152,
the paris psalter psalm 112.txt,an,0.03178808,0.01912302,0.01266506,0.01266506,755,ea,0.01854305,0.01641587,0.00212718,0.01479224,755,eo,0.01854305,0.01481712,0.00372592,0.01851816,755,ne,0.01589404,0.01321248,0.00268156,0.02119972,755,na,0.01456954,0.00465375,0.00991579,0.03111551,755,
the paris psalter psalm 113.txt,an,0.02351664,0.01912302,0.00439362,0.00439362,2764,ea,0.01881331,0.01641587,0.00239745,0.00679107,2764,ge,0.01664255,0.01592455,0.000718,0.00750907,2764,eo,0.01591896,0.01481712,0.00110184,0.0086109,2764,on,0.01447178,0.01616333,0.00169155,0.01030245,2764,
the paris psalter psalm 114.txt,de,0.02344666,0.01264649,0.01080017,0.01080017,853,ne,0.02110199,0.01321248,0.00788951,0.01868968,853,an,0.01875733,0.01912302,0.00036569,0.01905538,853,es,0.01758499,0.01329797,0.00428702,0.0233424,853,ea,0.01641266,0.01641587,3.2e-06,0.0233456,853,
the paris psalter psalm 115.txt,ge,0.01793103,0.01592455,0.00200648,0.00200648,725,ce,0.01655172,0.00618862,0.0103631,0.01236959,725,eo,0.01655172,0.01481712,0.0017346,0.01410419,725,ea,0.01655172,0.01641587,0.00013586,0.01424005,725,an,0.01655172,0.01912302,0.0025713,0.01681134,725,
the paris psalter psalm 116.txt,ne,0.02575107,0.01321248,0.01253859,0.01253859,233,an,0.02145923,0.01912302,0.00233621,0.0148748,233,or,0.02145923,0.01089642,0.01056281,0.02543761,233,ea,0.01716738,0.01641587,0.00075152,0.02618912,233,ce,0.01716738,0.00618862,0.01097876,0.03716788,233,
the paris psalter psalm 117.txt,ea,0.02034988,0.01641587,0.00393401,0.00393401,2801,an,0.01963584,0.01912302,0.00051282,0.00444683,2801,de,0.01677972,0.01264649,0.00413324,0.00858007,2801,nd,0.01570868,0.01238511,0.00332357,0.01190364,2801,ne,0.01535166,0.01321248,0.00213918,0.01404282,2801,
the paris psalter psalm 118.txt,ne,0.01882542,0.01321248,0.00561294,0.00561294,18645,an,0.01828909,0.01912302,0.00083393,0.00644687,18645,ea,0.01646554,0.01641587,4.967e-05,0.00649655,18645,ge,0.01646554,0.01592455,0.00054099,0.00703754,18645,in,0.01533923,0.00691479,0.00842445,0.01546198,18645,
the paris psalter psalm 119.txt,ea,0.02158273,0.01641587,0.00516687,0.00516687,695,an,0.02014388,0.01912302,0.00102087,0.00618773,695,de,0.01438849,0.01264649,0.001742,0.00792974,695,eo,0.01294964,0.01481712,0.00186748,0.00979722,695,le,0.01294964,0.0069482,0.00600144,0.01579866,695,
the paris psalter psalm 120.txt,ne,0.02556818,0.01321248,0.0123557,0.0123557,704,ea,0.02272727,0.01641587,0.00631141,0.01866711,704,ge,0.01988636,0.01592455,0.00396181,0.02262892,704,an,0.01846591,0.01912302,0.00065711,0.02328603,704,es,0.01846591,0.01329797,0.00516794,0.02845397,704,
the paris psalter psalm 121.txt,on,0.022,0.01616333,0.00583667,0.00583667,1000,an,0.019,0.01912302,0.00012302,0.00595969,1000,es,0.019,0.01329797,0.00570203,0.01166172,1000,ne,0.017,0.01321248,0.00378752,0.01544924,1000,eo,0.016,0.01481712,0.00118288,0.01663211,1000,
the paris psalter psalm 122.txt,an,0.02931596,0.01912302,0.01019294,0.01019294,614,ea,0.02442997,0.01641587,0.0080141,0.01820704,614,ne,0.01791531,0.01321248,0.00470283,0.02290987,614,nd,0.01791531,0.01238511,0.0055302,0.02844007,614,ge,0.01628664,0.01592455,0.0003621,0.02880217,614,
the paris psalter psalm 123.txt,an,0.02224694,0.01912302,0.00312392,0.00312392,899,en,0.01668521,0.0103992,0.006286,0.00940992,899,de,0.01668521,0.01264649,0.00403872,0.01344864,899,sw,0.01668521,0.00450537,0.01217983,0.02562848,899,on,0.01557286,0.01616333,0.00059047,0.02621895,899,
the paris psalter psalm 124.txt,eo,0.01674277,0.01481712,0.00192565,0.00192565,657,en,0.01674277,0.0103992,0.00634357,0.00826921,657,te,0.0152207,0.00758593,0.00763477,0.01590399,657,he,0.01369863,0.00678312,0.00691551,0.0228195,657,or,0.01369863,0.01089642,0.00280221,0.02562172,657,
the paris psalter psalm 125.txt,ge,0.0188172,0.01592455,0.00289265,0.00289265,744,eo,0.01747312,0.01481712,0.002656,0.00554865,744,ea,0.01747312,0.01641587,0.00105725,0.0066059,744,an,0.01747312,0.01912302,0.0016499,0.0082558,744,on,0.01478495,0.01616333,0.00137838,0.00963419,744,
the paris psalter psalm 126.txt,ea,0.02472527,0.01641587,0.00830941,0.00830941,728,on,0.01648352,0.01616333,0.00032019,0.0086296,728,að,0.01373626,0.00336847,0.0103678,0.01899739,728,es,0.01373626,0.01329797,0.00043829,0.01943569,728,re,0.01236264,0.00995112,0.00241151,0.0218472,728,
the paris psalter psalm 127.txt,es,0.0270636,0.01329797,0.01376563,0.01376563,739,an,0.02300406,0.01912302,0.00388104,0.01764667,739,ea,0.02165088,0.01641587,0.00523501,0.02288168,739,ge,0.02165088,0.01592455,0.00572633,0.02860801,739,ne,0.01759134,0.01321248,0.00437886,0.03298687,739,
the paris psalter psalm 128.txt,an,0.01907969,0.01912302,4.333e-05,4.333e-05,891,ge,0.01795735,0.01592455,0.0020328,0.00207614,891,eo,0.01683502,0.01481712,0.00201789,0.00409403,891,ea,0.01571268,0.01641587,0.00070318,0.00479721,891,en,0.01571268,0.0103992,0.00531348,0.01011069,891,
the paris psalter psalm 129.txt,ea,0.02275601,0.01641587,0.00634014,0.00634014,791,nd,0.01643489,0.01238511,0.00404979,0.01038993,791,ge,0.01643489,0.01592455,0.00051034,0.01090027,791,ih,0.01643489,0.0023426,0.0140923,0.02499256,791,ht,0.01643489,0.00528951,0.01114538,0.03613794,791,
the paris psalter psalm 130.txt,mi,0.02028986,0.00399539,0.01629447,0.01629447,345,en,0.02028986,0.0103992,0.00989065,0.02618512,345,de,0.02028986,0.01264649,0.00764337,0.03382849,345,ge,0.02028986,0.01592455,0.00436531,0.03819379,345,on,0.0173913,0.01616333,0.00122798,0.03942177,345,
the paris psalter psalm 131.txt,es,0.02180377,0.01329797,0.00850579,0.00850579,2018,ge,0.02130823,0.01592455,0.00538368,0.01388947,2018,ne,0.02031715,0.01321248,0.00710466,0.02099413,2018,an,0.01585728,0.01912302,0.00326574,0.02425987,2018,ea,0.01585728,0.01641587,0.00055858,0.02481845,2018,
the paris psalter psalm 132.txt,on,0.02244389,0.01616333,0.00628056,0.00628056,401,ea,0.02244389,0.01641587,0.00602802,0.01230859,401,nh,0.01745636,0.00316113,0.01429523,0.02660381,401,an,0.01496259,0.01912302,0.00416043,0.03076424,401,es,0.01496259,0.01329797,0.00166462,0.03242886,401,
the paris psalter psalm 133.txt,es,0.02259887,0.01329797,0.0093009,0.0093009,354,ge,0.01977401,0.01592455,0.00384946,0.01315036,354,an,0.01977401,0.01912302,0.00065099,0.01380135,354,bl,0.01694915,0.00093743,0.01601172,0.02981307,354,en,0.01694915,0.0103992,0.00654995,0.03636302,354,
the paris psalter psalm 134.txt,an,0.02183039,0.01912302,0.00270737,0.00270737,2382,nd,0.01805206,0.01238511,0.00566695,0.00837433,2382,ea,0.01679261,0.01641587,0.00037675,0.00875107,2382,ne,0.01427372,0.01321248,0.00106124,0.00981231,2382,de,0.0138539,0.01264649,0.00120742,0.01101973,2382,
the paris psalter psalm 135.txt,ea,0.02567479,0.01641587,0.00925892,0.00925892,1519,an,0.02501646,0.01912302,0.00589344,0.01515236,1519,eo,0.01909151,0.01481712,0.00427439,0.01942674,1519,nd,0.01777485,0.01238511,0.00538975,0.02481649,1519,de,0.01777485,0.01264649,0.00512837,0.02994486,1519,
the paris psalter psalm 136.txt,ea,0.02060844,0.01641587,0.00419257,0.00419257,1019,an,0.01962709,0.01912302,0.00050407,0.00469664,1019,on,0.01864573,0.01616333,0.0024824,0.00717904,1019,ge,0.01766438,0.01592455,0.00173983,0.00891887,1019,ne,0.01373896,0.01321248,0.00052648,0.00944535,1019,
the paris psalter psalm 137.txt,an,0.02436975,0.01912302,0.00524673,0.00524673,1190,ne,0.02352941,0.01321248,0.01031693,0.01556366,1190,ea,0.02016807,0.01641587,0.0037522,0.01931586,1190,de,0.01848739,0.01264649,0.00584091,0.02515677,1190,ge,0.01680672,0.01592455,0.00088217,0.02603894,1190,
the paris psalter psalm 138.txt,an,0.02202166,0.01912302,0.00289864,0.00289864,2770,eo,0.01913357,0.01481712,0.00431645,0.00721509,2770,ne,0.01805054,0.01321248,0.00483806,0.01205315,2770,ea,0.01696751,0.01641587,0.00055164,0.01260479,2770,ge,0.01624549,0.01592455,0.00032094,0.01292573,2770,
the paris psalter psalm 139.txt,an,0.02121391,0.01912302,0.00209089,0.00209089,1697,ge,0.01885681,0.01592455,0.00293226,0.00502314,1697,ea,0.01826753,0.01641587,0.00185166,0.00687481,1697,ne,0.01708898,0.01321248,0.0038765,0.01075131,1697,eo,0.0141426,0.01481712,0.00067452,0.01142582,1697,
the paris psalter psalm 140.txt,ne,0.02304833,0.01321248,0.00983584,0.00983584,1345,en,0.02081784,0.0103992,0.01041864,0.02025448,1345,es,0.01635688,0.01329797,0.00305891,0.02331339,1345,re,0.01561338,0.00995112,0.00566226,0.02897565,1345,an,0.01561338,0.01912302,0.00350964,0.03248529,1345,
the paris psalter psalm 141.txt,ea,0.02747792,0.01641587,0.01106205,0.01106205,1019,es,0.0235525,0.01329797,0.01025453,0.02131658,1019,ge,0.02257115,0.01592455,0.0066466,0.02796318,1019,an,0.01864573,0.01912302,0.00047729,0.02844047,1019,ne,0.01864573,0.01321248,0.00543325,0.03387372,1019,
the paris psalter psalm 142.txt,ne,0.0228013,0.01321248,0.00958882,0.00958882,1842,an,0.01954397,0.01912302,0.00042095,0.01000977,1842,ge,0.01900109,0.01592455,0.00307654,0.01308631,1842,es,0.01737242,0.01329797,0.00407445,0.01716076,1842,eo,0.01682953,0.01481712,0.00201241,0.01917317,1842,
the paris psalter psalm 143.txt,an,0.02132592,0.01912302,0.0022029,0.0022029,2157,ea,0.01622624,0.01641587,0.00018963,0.00239252,2157,es,0.01529903,0.01329797,0.00200105,0.00439358,2157,um,0.01437181,0.00870711,0.0056647,0.01005828,2157,ne,0.01390821,0.01321248,0.00069572,0.010754,2157,
the paris psalter psalm 144.txt,an,0.02590461,0.01912302,0.00678159,0.00678159,2432,ea,0.0234375,0.01641587,0.00702163,0.01380322,2432,ne,0.02179276,0.01321248,0.00858028,0.0223835,2432,nd,0.01850329,0.01238511,0.00611818,0.02850168,2432,ge,0.01726974,0.01592455,0.00134519,0.02984687,2432,
the paris psalter psalm 145.txt,an,0.02204082,0.01912302,0.0029178,0.0029178,1225,ea,0.01877551,0.01641587,0.00235964,0.00527744,1225,ge,0.01632653,0.01592455,0.00040198,0.00567942,1225,de,0.0155102,0.01264649,0.00286372,0.00854314,1225,on,0.01469388,0.01616333,0.00146945,0.01001259,1225,
the paris psalter psalm 146.txt,an,0.02882096,0.01912302,0.00969794,0.00969794,1145,ea,0.02183406,0.01641587,0.0054182,0.01511614,1145,ne,0.01834061,0.01321248,0.00512813,0.02024426,1145,ge,0.01659389,0.01592455,0.00066934,0.0209136,1145,um,0.01659389,0.00870711,0.00788678,0.02880038,1145,
the paris psalter psalm 147.txt,de,0.01950163,0.01264649,0.00685514,0.00685514,923,an,0.01950163,0.01912302,0.00037861,0.00723374,923,nd,0.0184182,0.01238511,0.0060331,0.01326684,923,he,0.01516793,0.00678312,0.00838482,0.02165166,923,es,0.01408451,0.01329797,0.00078654,0.02243819,923,
the paris psalter psalm 148.txt,an,0.02857143,0.01912302,0.00944841,0.00944841,1470,ea,0.02380952,0.01641587,0.00739366,0.01684207,1470,he,0.02108844,0.00678312,0.01430532,0.03114739,1470,eo,0.01972789,0.01481712,0.00491077,0.03605816,1470,nd,0.01768707,0.01238511,0.00530197,0.04136012,1470,
the paris psalter psalm 149.txt,an,0.02677532,0.01912302,0.0076523,0.0076523,859,on,0.0209546,0.01616333,0.00479127,0.01244357,859,eo,0.01862631,0.01481712,0.00380919,0.01625276,859,ne,0.01629802,0.01321248,0.00308554,0.0193383,859,nd,0.01629802,0.01238511,0.00391292,0.02325121,859,
the paris psalter psalm 150.txt,hi,0.04060914,0.00559806,0.03501108,0.03501108,197,he,0.03045685,0.00678312,0.02367374,0.05868481,197,er,0.03045685,0.00663081,0.02382605,0.08251086,197,ri,0.03045685,0.00395608,0.02650077,0.10901163,197,ne,0.03045685,0.01321248,0.01724437,0.126256,197,
the paris psalter psalm 51.txt,de,0.02631579,0.01264649,0.0136693,0.0136693,418,ea,0.02392344,0.01641587,0.00750758,0.02117688,418,an,0.01913876,0.01912302,1.574e-05,0.02119262,418,or,0.01674641,0.01089642,0.00584999,0.02704261,418,ge,0.01674641,0.01592455,0.00082186,0.02786448,418,
the paris psalter psalm 52.txt,an,0.02292576,0.01912302,0.00380274,0.00380274,916,ne,0.02074236,0.01321248,0.00752988,0.01133262,916,ea,0.01855895,0.01641587,0.00214309,0.01347571,916,en,0.01310044,0.0103992,0.00270123,0.01617694,916,es,0.01310044,0.01329797,0.00019753,0.01637447,916,
the paris psalter psalm 53.txt,ea,0.024961,0.01641587,0.00854513,0.00854513,641,an,0.02028081,0.01912302,0.00115779,0.00970292,641,ne,0.01872075,0.01321248,0.00550827,0.01521119,641,ge,0.01716069,0.01592455,0.00123614,0.01644733,641,in,0.01560062,0.00691479,0.00868584,0.02513316,641,
the paris psalter psalm 54.txt,ge,0.01984436,0.01592455,0.00391981,0.00391981,2570,on,0.01945525,0.01616333,0.00329192,0.00721173,2570,ea,0.01906615,0.01641587,0.00265028,0.00986201,2570,an,0.01867704,0.01912302,0.00044598,0.01030799,2570,eo,0.01634241,0.01481712,0.00152529,0.01183328,2570,
the paris psalter psalm 55.txt,ge,0.02253521,0.01592455,0.00661066,0.00661066,1420,ne,0.02183099,0.01321248,0.0086185,0.01522917,1420,ea,0.01971831,0.01641587,0.00330244,0.01853161,1420,eo,0.01901408,0.01481712,0.00419696,0.02272857,1420,on,0.01830986,0.01616333,0.00214653,0.0248751,1420,
the paris psalter psalm 56.txt,ea,0.02169349,0.01641587,0.00527763,0.00527763,1429,de,0.01889433,0.01264649,0.00624785,0.01152547,1429,eo,0.01889433,0.01481712,0.00407721,0.01560268,1429,an,0.01819454,0.01912302,0.00092848,0.01653116,1429,ge,0.01679496,0.01592455,0.00087041,0.01740157,1429,
the paris psalter psalm 57.txt,an,0.02090301,0.01912302,0.00177999,0.00177999,1196,on,0.01923077,0.01616333,0.00306744,0.00484743,1196,eo,0.01755853,0.01481712,0.00274141,0.00758884,1196,ge,0.01421405,0.01592455,0.0017105,0.00929934,1196,ea,0.01421405,0.01641587,0.00220182,0.01150116,1196,
the paris psalter psalm 58.txt,ea,0.01953973,0.01641587,0.00312386,0.00312386,2303,ge,0.01693443,0.01592455,0.00100988,0.00413375,2303,ne,0.016066,0.01321248,0.00285352,0.00698727,2303,an,0.01519757,0.01912302,0.00392545,0.01091272,2303,nd,0.01432914,0.01238511,0.00194403,0.01285675,2303,
the paris psalter psalm 59.txt,an,0.01775626,0.01912302,0.00136676,0.00136676,1239,ge,0.01694915,0.01592455,0.0010246,0.00239137,1239,ea,0.01694915,0.01641587,0.00053329,0.00292465,1239,es,0.01694915,0.01329797,0.00365118,0.00657584,1239,on,0.01372074,0.01616333,0.00244259,0.00901842,1239,
the paris psalter psalm 60.txt,ge,0.02033493,0.01592455,0.00441038,0.00441038,836,eo,0.02033493,0.01481712,0.00551781,0.00992818,836,an,0.01674641,0.01912302,0.00237661,0.01230479,836,in,0.01435407,0.00691479,0.00743928,0.01974407,836,es,0.01435407,0.01329797,0.0010561,0.02080017,836,
the paris psalter psalm 61.txt,an,0.02748886,0.01912302,0.00836584,0.00836584,1346,ge,0.02154532,0.01592455,0.00562077,0.01398661,1346,ea,0.01931649,0.01641587,0.00290063,0.01688723,1346,ne,0.01783061,0.01321248,0.00461813,0.02150536,1346,eo,0.01485884,0.01481712,4.172e-05,0.02154708,1346,
the paris psalter psalm 62.txt,on,0.02405774,0.01616333,0.00789441,0.00789441,1247,ge,0.01844427,0.01592455,0.00251972,0.01041413,1247,in,0.01764234,0.00691479,0.01072755,0.02114168,1247,an,0.01603849,0.01912302,0.00308453,0.02422621,1247,ea,0.01523657,0.01641587,0.0011793,0.02540551,1247,
the paris psalter psalm 63.txt,an,0.03277061,0.01912302,0.01364759,0.01364759,1007,nd,0.01688183,0.01238511,0.00449672,0.01814431,1007,eo,0.01588878,0.01481712,0.00107166,0.01921596,1007,ge,0.01489573,0.01592455,0.00102882,0.02024478,1007,es,0.01489573,0.01329797,0.00159776,0.02184254,1007,
the paris psalter psalm 64.txt,an,0.02070263,0.01912302,0.00157962,0.00157962,1594,eo,0.01693852,0.01481712,0.0021214,0.00370101,1594,nd,0.01505646,0.01238511,0.00267136,0.00637237,1594,ge,0.01442911,0.01592455,0.00149544,0.00786781,1594,ea,0.01442911,0.01641587,0.00198676,0.00985457,1594,
the paris psalter psalm 65.txt,an,0.01991465,0.01912302,0.00079163,0.00079163,2109,ge,0.01849218,0.01592455,0.00256763,0.00335926,2109,ne,0.01801802,0.01321248,0.00480554,0.00816479,2109,ea,0.0170697,0.01641587,0.00065384,0.00881863,2109,eo,0.01612138,0.01481712,0.00130426,0.01012289,2109,
the paris psalter psalm 66.txt,an,0.03599374,0.01912302,0.01687072,0.01687072,639,ea,0.02816901,0.01641587,0.01175315,0.02862387,639,nd,0.02660407,0.01238511,0.01421896,0.04284283,639,de,0.02347418,0.01264649,0.01082769,0.05367052,639,eo,0.02034429,0.01481712,0.00552717,0.05919769,639,
the paris psalter psalm 67.txt,an,0.01832382,0.01912302,0.0007992,0.0007992,3329,ea,0.01742265,0.01641587,0.00100678,0.00180598,3329,eo,0.01712226,0.01481712,0.00230514,0.00411112,3329,ge,0.01712226,0.01592455,0.00119771,0.00530883,3329,on,0.01471913,0.01616333,0.00144419,0.00675302,3329,
the paris psalter psalm 68.txt,ea,0.02076125,0.01641587,0.00434538,0.00434538,3757,an,0.01916423,0.01912302,4.121e-05,0.00438659,3757,on,0.01543785,0.01616333,0.00072548,0.00511207,3757,eo,0.01543785,0.01481712,0.00062073,0.00573279,3757,ne,0.01517168,0.01321248,0.0019592,0.00769199,3757,
the paris psalter psalm 69.txt,ea,0.02134146,0.01641587,0.0049256,0.0049256,656,an,0.01829268,0.01912302,0.00083034,0.00575593,656,nd,0.01829268,0.01238511,0.00590758,0.01166351,656,en,0.0152439,0.0103992,0.0048447,0.01650821,656,ht,0.01371951,0.00528951,0.00843,0.02493821,656,
the paris psalter psalm 70.txt,ea,0.01756235,0.01641587,0.00114648,0.00114648,2847,an,0.01650861,0.01912302,0.00261441,0.00376089,2847,nd,0.01615736,0.01238511,0.00377225,0.00753315,2847,ne,0.01545486,0.01321248,0.00224238,0.00977553,2847,ge,0.01475237,0.01592455,0.00117218,0.01094771,2847,
the paris psalter psalm 71.txt,ea,0.02228286,0.01641587,0.00586699,0.00586699,2199,an,0.0200091,0.01912302,0.00088608,0.00675307,2199,eo,0.01728058,0.01481712,0.00246346,0.00921653,2199,or,0.01500682,0.01089642,0.0041104,0.01332693,2199,ne,0.01409732,0.01321248,0.00088483,0.01421176,2199,
the paris psalter psalm 72.txt,an,0.02613374,0.01912302,0.00701072,0.00701072,2602,on,0.01614143,0.01616333,2.19e-05,0.00703262,2602,ea,0.01575711,0.01641587,0.00065876,0.00769138,2602,or,0.01460415,0.01089642,0.00370773,0.01139911,2602,ne,0.01421983,0.01321248,0.00100735,0.01240646,2602,
the paris psalter psalm 73.txt,an,0.02765875,0.01912302,0.00853573,0.00853573,2567,es,0.01830931,0.01329797,0.00501134,0.01354706,2567,ea,0.01791975,0.01641587,0.00150388,0.01505095,2567,ne,0.01636151,0.01321248,0.00314903,0.01819998,2567,ge,0.01558239,0.01592455,0.00034216,0.01854214,2567,
the paris psalter psalm 74.txt,an,0.02316602,0.01912302,0.004043,0.004043,1036,ne,0.02316602,0.01321248,0.00995354,0.01399654,1036,ea,0.01833977,0.01641587,0.0019239,0.01592045,1036,ge,0.01447876,0.01592455,0.00144579,0.01736623,1036,on,0.01447876,0.01616333,0.00168456,0.0190508,1036,
the paris psalter psalm 75.txt,an,0.02468085,0.01912302,0.00555783,0.00555783,1175,nd,0.01787234,0.01238511,0.00548723,0.01104507,1175,eo,0.01617021,0.01481712,0.00135309,0.01239816,1175,on,0.01531915,0.01616333,0.00084418,0.01324234,1175,ea,0.01361702,0.01641587,0.00279884,0.01604118,1175,
the paris psalter psalm 76.txt,an,0.02403605,0.01912302,0.00491303,0.00491303,1997,ne,0.01552328,0.01321248,0.0023108,0.00722384,1997,on,0.01502253,0.01616333,0.0011408,0.00836463,1997,ge,0.01502253,0.01592455,0.00090202,0.00926665,1997,ea,0.01402103,0.01641587,0.00239483,0.01166148,1997,
the paris psalter psalm 77.txt,an,0.03165489,0.01912302,0.01253187,0.01253187,6792,ea,0.01766784,0.01641587,0.00125198,0.01378385,6792,nd,0.01501767,0.01238511,0.00263256,0.01641641,6792,ge,0.01457597,0.01592455,0.00134858,0.01776499,6792,hi,0.01457597,0.00559806,0.00897791,0.0267429,6792,
the paris psalter psalm 78.txt,an,0.01894866,0.01912302,0.00017436,0.00017436,1636,ea,0.01833741,0.01641587,0.00192154,0.00209591,1636,on,0.01589242,0.01616333,0.00027091,0.00236682,1636,ne,0.01405868,0.01321248,0.0008462,0.00321301,1636,nd,0.01344743,0.01238511,0.00106233,0.00427534,1636,
the paris psalter psalm 79.txt,an,0.02463846,0.01912302,0.00551544,0.00551544,1867,ea,0.0230316,0.01641587,0.00661574,0.01213117,1867,ne,0.01767542,0.01321248,0.00446293,0.01659411,1867,es,0.01553294,0.01329797,0.00223497,0.01882907,1867,ge,0.01392608,0.01592455,0.00199846,0.02082754,1867,
the paris psalter psalm 80.txt,an,0.02130326,0.01912302,0.00218024,0.00218024,798,ne,0.01754386,0.01321248,0.00433138,0.00651162,798,eo,0.01754386,0.01481712,0.00272674,0.00923835,798,ra,0.01629073,0.00548506,0.01080567,0.02004402,798,de,0.01629073,0.01264649,0.00364424,0.02368826,798,
the paris psalter psalm 81.txt,an,0.03442623,0.01912302,0.01530321,0.01530321,610,ea,0.03442623,0.01641587,0.01801036,0.03331357,610,ge,0.02131148,0.01592455,0.00538693,0.0387005,610,um,0.01639344,0.00870711,0.00768633,0.04638683,610,nd,0.0147541,0.01238511,0.00236899,0.04875582,610,
the paris psalter psalm 82.txt,an,0.02891263,0.01912302,0.00978961,0.00978961,1591,ea,0.0194846,0.01641587,0.00306873,0.01285835,1591,nd,0.01759899,0.01238511,0.00521389,0.01807224,1591,es,0.01697046,0.01329797,0.00367249,0.02174472,1591,ne,0.01571339,0.01321248,0.00250091,0.02424563,1591,
the paris psalter psalm 83.txt,eo,0.01948504,0.01481712,0.00466792,0.00466792,1437,an,0.01809325,0.01912302,0.00102977,0.00569769,1437,on,0.01670146,0.01616333,0.00053813,0.00623582,1437,ge,0.01600557,0.01592455,8.102e-05,0.00631684,1437,te,0.01530967,0.00758593,0.00772375,0.01404058,1437,
the paris psalter psalm 84.txt,an,0.02097902,0.01912302,0.001856,0.001856,1144,ne,0.01486014,0.01321248,0.00164766,0.00350366,1144,le,0.01398601,0.0069482,0.00703782,0.01054147,1144,es,0.01398601,0.01329797,0.00068804,0.01122952,1144,eo,0.01311189,0.01481712,0.00170523,0.01293475,1144,
the paris psalter psalm 85.txt,ne,0.01828631,0.01321248,0.00507383,0.00507383,1914,ea,0.01619645,0.01641587,0.00021942,0.00529325,1914,eo,0.01619645,0.01481712,0.00137933,0.00667257,1914,an,0.01619645,0.01912302,0.00292657,0.00959915,1914,ht,0.01515152,0.00528951,0.009862,0.01946115,1914,
the paris psalter psalm 86.txt,an,0.02226027,0.01912302,0.00313725,0.00313725,584,ea,0.01712329,0.01641587,0.00070742,0.00384468,584,on,0.01541096,0.01616333,0.00075237,0.00459705,584,st,0.01369863,0.00704351,0.00665512,0.01125216,584,ge,0.01369863,0.01592455,0.00222592,0.01347808,584,
the paris psalter psalm 87.txt,ge,0.01962865,0.01592455,0.0037041,0.0037041,1885,an,0.01962865,0.01912302,0.00050563,0.00420973,1885,ea,0.01856764,0.01641587,0.00215177,0.0063615,1885,ne,0.01803714,0.01321248,0.00482465,0.01118615,1885,es,0.01644562,0.01329797,0.00314765,0.0143338,1885,
the paris psalter psalm 88.txt,ne,0.02392149,0.01321248,0.01070901,0.01070901,4891,an,0.02126355,0.01912302,0.00214053,0.01284953,4891,es,0.0200368,0.01329797,0.00673883,0.01958836,4891,ea,0.01921897,0.01641587,0.00280311,0.02239147,4891,ge,0.01512983,0.01592455,0.00079472,0.02318619,4891,
the paris psalter psalm 89.txt,ge,0.01999048,0.01592455,0.00406593,0.00406593,2101,an,0.01951452,0.01912302,0.0003915,0.00445743,2101,ea,0.01903855,0.01641587,0.00262269,0.00708012,2101,eo,0.01856259,0.01481712,0.00374547,0.01082558,2101,or,0.01523084,0.01089642,0.00433443,0.01516001,2101,
the paris psalter psalm 90.txt,an,0.0234375,0.01912302,0.00431448,0.00431448,1536,ea,0.01822917,0.01641587,0.0018133,0.00612778,1536,ne,0.01692708,0.01321248,0.0037146,0.00984238,1536,on,0.01497396,0.01616333,0.00118937,0.01103175,1536,eo,0.01432292,0.01481712,0.00049421,0.01152596,1536,
the paris psalter psalm 91.txt,an,0.02503294,0.01912302,0.00590992,0.00590992,1518,ne,0.02108037,0.01321248,0.00786789,0.0137778,1518,ge,0.0171278,0.01592455,0.00120325,0.01498105,1518,eo,0.0171278,0.01481712,0.00231068,0.01729173,1518,or,0.0171278,0.01089642,0.00623138,0.02352312,1518,
the paris psalter psalm 92.txt,an,0.02891933,0.01912302,0.00979631,0.00979631,657,te,0.01674277,0.00758593,0.00915684,0.01895315,657,ge,0.01674277,0.01592455,0.00081822,0.01977138,657,de,0.01674277,0.01264649,0.00409628,0.02386766,657,nd,0.01674277,0.01238511,0.00435766,0.02822532,657,
the paris psalter psalm 93.txt,an,0.0228974,0.01912302,0.00377438,0.00377438,2271,ea,0.01805372,0.01641587,0.00163785,0.00541224,2271,ge,0.01585205,0.01592455,7.25e-05,0.00548474,2271,nd,0.01453104,0.01238511,0.00214594,0.00763068,2271,en,0.01409071,0.0103992,0.0036915,0.01132218,2271,
the paris psalter psalm 94.txt,an,0.02698283,0.01912302,0.00785981,0.00785981,1223,ne,0.02044154,0.01321248,0.00722905,0.01508886,1223,ea,0.01880621,0.01641587,0.00239035,0.01747921,1223,ge,0.01471791,0.01592455,0.00120664,0.01868585,1223,on,0.01471791,0.01616333,0.00144542,0.02013128,1223,
the paris psalter psalm 95.txt,an,0.02159827,0.01912302,0.00247525,0.00247525,1389,ea,0.02159827,0.01641587,0.00518241,0.00765766,1389,ne,0.02087833,0.01321248,0.00766585,0.01532351,1389,eo,0.01799856,0.01481712,0.00318144,0.01850494,1389,nd,0.01511879,0.01238511,0.00273368,0.02123863,1389,
the paris psalter psalm 96.txt,ri,0.03278689,0.00395608,0.02883081,0.02883081,122,ea,0.03278689,0.01641587,0.01637102,0.04520182,122,an,0.02459016,0.01912302,0.00546714,0.05066897,122,ge,0.02459016,0.01592455,0.00866561,0.05933458,122,að,0.01639344,0.00336847,0.01302498,0.07235956,122,
the paris psalter psalm 97.txt,an,0.03571429,0.01912302,0.01659127,0.01659127,252,nd,0.02380952,0.01238511,0.01142442,0.02801568,252,ea,0.02380952,0.01641587,0.00739366,0.03540934,252,on,0.01984127,0.01616333,0.00367794,0.03908728,252,ne,0.01984127,0.01321248,0.00662879,0.04571607,252,
the paris psalter psalm 98.txt,an,0.01993068,0.01912302,0.00080766,0.00080766,1154,ea,0.01733102,0.01641587,0.00091516,0.00172281,1154,de,0.01646447,0.01264649,0.00381799,0.0055408,1154,es,0.01559792,0.01329797,0.00229995,0.00784075,1154,he,0.01473137,0.00678312,0.00794825,0.015789,1154,
the paris psalter psalm 99.txt,an,0.02625821,0.01912302,0.00713519,0.00713519,457,ea,0.02407002,0.01641587,0.00765416,0.01478934,457,is,0.02407002,0.00390498,0.02016504,0.03495438,457,nd,0.01969365,0.01238511,0.00730855,0.04226293,457,um,0.0131291,0.00870711,0.00442199,0.04668492,457,
the partridge.txt,ge,0.02298851,0.01592455,0.00706396,0.00706396,522,eo,0.01915709,0.01481712,0.00433997,0.01140392,522,or,0.01724138,0.01089642,0.00634496,0.01774888,522,an,0.01532567,0.01912302,0.00379735,0.02154623,522,re,0.01340996,0.00995112,0.00345884,0.02500507,522,
the phoenix.txt,on,0.01858052,0.01616333,0.00241719,0.00241719,23896,ge,0.01627888,0.01592455,0.00035433,0.00277151,23896,ne,0.01535822,0.01321248,0.00214574,0.00491725,23896,es,0.01389354,0.01329797,0.00059557,0.00551282,23896,ea,0.01380984,0.01641587,0.00260602,0.00811884,23896,
the riming poem.txt,ge,0.01705566,0.01592455,0.00113111,0.00113111,3342,on,0.01645721,0.01616333,0.00029388,0.00142499,3342,eo,0.01376421,0.01481712,0.00105291,0.0024779,3342,de,0.01376421,0.01264649,0.00111773,0.00359562,3342,ea,0.01286655,0.01641587,0.00354932,0.00714494,3342,
the ruin.txt,on,0.02472188,0.01616333,0.00855855,0.00855855,1618,ea,0.01915946,0.01641587,0.00274359,0.01130214,1618,ge,0.01606922,0.01592455,0.00014467,0.01144681,1618,or,0.01606922,0.01089642,0.0051728,0.01661962,1618,eo,0.01359703,0.01481712,0.00122009,0.0178397,1618,
the rune poem.txt,an,0.02092543,0.01912302,0.00180241,0.00180241,3393,ge,0.01414677,0.01592455,0.00177778,0.00358019,3393,ea,0.01414677,0.01641587,0.00226909,0.00584928,3393,eo,0.01149425,0.01481712,0.00332287,0.00917215,3393,um,0.01119953,0.00870711,0.00249242,0.01166457,3393,
the seafarer.txt,on,0.01857783,0.01616333,0.00241451,0.00241451,4683,ge,0.01580184,0.01592455,0.00012271,0.00253722,4683,ne,0.01537476,0.01321248,0.00216228,0.0046995,4683,eo,0.01494768,0.01481712,0.00013056,0.00483006,4683,ea,0.01452061,0.01641587,0.00189526,0.00672532,4683,
the seasons for fasting.txt,an,0.02819237,0.01912302,0.00906935,0.00906935,7839,ne,0.01492537,0.01321248,0.00171289,0.01078224,7839,es,0.01479781,0.01329797,0.00149983,0.01228208,7839,eo,0.01467024,0.01481712,0.00014688,0.01242896,7839,ge,0.0140324,0.01592455,0.00189215,0.01432111,7839,
the wanderer.txt,eo,0.02011429,0.01481712,0.00529716,0.00529716,4375,ea,0.01782857,0.01641587,0.00141271,0.00670987,4375,ne,0.0176,0.01321248,0.00438752,0.01109739,4375,ge,0.01645714,0.01592455,0.00053259,0.01162998,4375,on,0.01577143,0.01616333,0.0003919,0.01202188,4375,
the whale.txt,on,0.02132622,0.01616333,0.0051629,0.0051629,3001,ne,0.01332889,0.01321248,0.00011641,0.0052793,3001,eo,0.01299567,0.01481712,0.00182145,0.00710076,3001,nd,0.01232922,0.01238511,5.588e-05,0.00715664,3001,ge,0.01099633,0.01592455,0.00492821,0.01208485,3001,
the wife's lament.txt,on,0.01902314,0.01616333,0.00285981,0.00285981,1945,eo,0.01696658,0.01481712,0.00214946,0.00500927,1945,re,0.01645244,0.00995112,0.00650132,0.01151058,1945,ge,0.01645244,0.01592455,0.00052789,0.01203848,1945,ea,0.0159383,0.01641587,0.00047756,0.01251604,1945,
thureth.txt,an,0.03299492,0.01912302,0.0138719,0.0138719,394,ea,0.02030457,0.01641587,0.0038887,0.01776061,394,em,0.02030457,0.0043737,0.01593087,0.03369148,394,ge,0.02030457,0.01592455,0.00438002,0.03807149,394,ce,0.0177665,0.00618862,0.01157788,0.04964937,394,
vainglory.txt,on,0.01789264,0.01616333,0.00172931,0.00172931,3018,ge,0.01491054,0.01592455,0.00101401,0.00274333,3018,es,0.0139165,0.01329797,0.00061853,0.00336186,3018,an,0.0139165,0.01912302,0.00520652,0.00856838,3018,ne,0.01325381,0.01321248,4.133e-05,0.0086097,3018,
waldere a.txt,an,0.01974865,0.01912302,0.00062563,0.00062563,1114,ne,0.01436266,0.01321248,0.00115017,0.00177581,1114,eo,0.01436266,0.01481712,0.00045447,0.00223027,1114,ea,0.01436266,0.01641587,0.00205321,0.00428348,1114,or,0.01346499,0.01089642,0.00256857,0.00685206,1114,
waldere b.txt,an,0.02222222,0.01912302,0.0030992,0.0030992,1125,de,0.01777778,0.01264649,0.00513129,0.00823049,1125,ge,0.01688889,0.01592455,0.00096434,0.00919483,1125,on,0.01333333,0.01616333,0.00283,0.01202483,1125,ea,0.01333333,0.01641587,0.00308253,0.01510736,1125,
widsith.txt,on,0.02552801,0.01616333,0.00936468,0.00936468,5445,um,0.0214876,0.00870711,0.01278049,0.02214517,5445,nd,0.02056933,0.01238511,0.00818422,0.03032939,5445,eo,0.01432507,0.01481712,0.00049205,0.03082145,5445,mi,0.01395776,0.00399539,0.00996237,0.04078382,5445,
wulf and eadwacer.txt,on,0.0204978,0.01616333,0.00433447,0.00433447,683,ne,0.01756955,0.01321248,0.00435706,0.00869154,683,ea,0.01464129,0.01641587,0.00177458,0.01046612,683,re,0.01464129,0.00995112,0.00469016,0.01515628,683,in,0.01171303,0.00691479,0.00479824,0.01995452,683,
